1.351896215577776502e+03 1.002305199999999968e+04 7.627840947460011733e-01
1.343208255341719223e+03 1.004615799999999945e+04 7.578572737295001804e-01
1.334576128277020189e+03 1.006931699999999910e+04 7.529345274031420399e-01
1.325999475571836228e+03 1.009252900000000045e+04 7.480158551193141214e-01
1.317326269197978718e+03 1.011579500000000007e+04 7.431010450772225218e-01
1.308709793245354149e+03 1.013911399999999958e+04 7.381903083818055489e-01
1.300149676646959961e+03 1.016248699999999917e+04 7.332834340617379043e-01
1.291496853133254945e+03 1.018591400000000067e+04 7.283804224720987763e-01
1.282901616339067004e+03 1.020939500000000044e+04 7.234812737243472291e-01
1.274363583010275761e+03 1.023293000000000029e+04 7.185859876891014242e-01
1.265736640738552524e+03 1.025651900000000023e+04 7.136945639989042967e-01
1.257168099486719484e+03 1.028016300000000047e+04 7.088067956449255469e-01
1.248657563902749644e+03 1.030386100000000079e+04 7.039228894629169231e-01
1.240061865694008475e+03 1.032761399999999958e+04 6.990426392350075346e-01
1.231525339855524408e+03 1.035142200000000048e+04 6.941660455402304253e-01
1.222906778596669938e+03 1.037528399999999965e+04 6.892933126089025864e-01
1.214348532457423062e+03 1.039920199999999932e+04 6.844240321318444398e-01
1.205850179335584471e+03 1.042317400000000089e+04 6.795586111417496467e-01
1.197273450947845731e+03 1.044720199999999932e+04 6.746966433435177546e-01
1.188757725387072696e+03 1.047128499999999985e+04 6.698383314063895977e-01
1.180302568764639773e+03 1.049542400000000089e+04 6.649834736827919812e-01
1.171772637201584075e+03 1.051961900000000060e+04 6.601320709365948725e-01
1.163304350622108132e+03 1.054386900000000060e+04 6.552843232973225573e-01
1.154764308716421056e+03 1.056817499999999927e+04 6.504400302439837800e-01
1.146286960907693356e+03 1.059253700000000026e+04 6.455991918376148275e-01
1.137871846946450887e+03 1.061695600000000013e+04 6.407616100978350548e-01
1.129388476823287874e+03 1.064143000000000029e+04 6.359276808374587642e-01
1.120839305394511939e+03 1.066596099999999933e+04 6.310970083985688595e-01
1.112482920884456917e+03 1.069054900000000089e+04 6.262695936941936603e-01
1.103934617547207836e+03 1.071519299999999930e+04 6.214456328536904772e-01
1.095578125086688260e+03 1.073989400000000023e+04 6.166249296997643459e-01
1.087034561282651794e+03 1.076465200000000004e+04 6.118074844493355258e-01
1.078681802787689548e+03 1.078946700000000055e+04 6.069932970898910263e-01
1.070270000292416853e+03 1.081434000000000015e+04 6.021821742413838718e-01
1.061801543461081792e+03 1.083926900000000023e+04 5.973745022933649729e-01
1.053400092862831798e+03 1.086425599999999940e+04 5.925698948456119552e-01
1.044944807671902026e+03 1.088930099999999948e+04 5.877683526930767011e-01
1.036557390186836528e+03 1.091440300000000025e+04 5.829700672685359519e-01
1.028237295656583456e+03 1.093956400000000031e+04 5.781746566042238467e-01
1.019866560466379724e+03 1.096478199999999924e+04 5.733825019904574827e-01
1.011447516351745094e+03 1.099005800000000090e+04 5.685934124471493378e-01
1.003097971823185617e+03 1.101539300000000003e+04 5.638071990017737845e-01
9.947028271708970806e+02 1.104078600000000006e+04 5.590240508457301472e-01
9.863779433064004252e+02 1.106623799999999937e+04 5.542437796623658208e-01
9.780101281429332403e+02 1.109174799999999959e+04 5.494665730952058569e-01
9.696016643603443299e+02 1.111731699999999910e+04 5.446922434835832494e-01
9.612654925317433481e+02 1.114294499999999971e+04 5.399207910323435833e-01
9.530009911254512645e+02 1.116863199999999961e+04 5.351522157247332601e-01
9.445900190212194047e+02 1.119437900000000081e+04 5.303863324881812336e-01
9.362532802623857151e+02 1.122018499999999949e+04 5.256233267740176851e-01
9.279901196821616622e+02 1.124604999999999927e+04 5.208631979084648034e-01
9.196939981162181539e+02 1.127197500000000036e+04 5.161057617625393057e-01
9.113671118362581183e+02 1.129795900000000074e+04 5.113512015378341991e-01
9.031156169748145430e+02 1.132400400000000081e+04 5.065991515384612454e-01
8.947327873813103452e+02 1.135010800000000017e+04 5.018499767248441046e-01
8.865298278803510357e+02 1.137627299999999923e+04 4.971033130612348971e-01
8.781998372963184920e+02 1.140249799999999959e+04 4.923593423559093907e-01
8.699481167726358990e+02 1.142878299999999945e+04 4.876180640121511312e-01
8.616747211907548945e+02 1.145512900000000081e+04 4.828792976134691495e-01
8.533817525372094224e+02 1.148153600000000006e+04 4.781430436764340097e-01
8.451685974460178841e+02 1.150800400000000081e+04 4.734093024996361976e-01
8.369381261623332193e+02 1.153453299999999945e+04 4.686780741661684679e-01
8.286923931155612308e+02 1.156112199999999939e+04 4.639495361332696133e-01
8.204334378570281388e+02 1.158777399999999943e+04 4.592231552988550458e-01
8.122567934083070895e+02 1.161448600000000079e+04 4.544994638757766658e-01
8.039764956952661805e+02 1.164126000000000022e+04 4.497781074288004222e-01
7.957806088862315619e+02 1.166809599999999955e+04 4.450590864799665036e-01
7.875775940395039925e+02 1.169499400000000060e+04 4.403424013366984413e-01
7.793694036025970036e+02 1.172195399999999972e+04 4.356280520942457102e-01
7.711579715644645603e+02 1.174897600000000057e+04 4.309160386381040153e-01
7.629452127619604198e+02 1.177605999999999949e+04 4.262063606464260301e-01
7.548199190569267785e+02 1.180320600000000013e+04 4.214990175924088200e-01
7.466092260332577553e+02 1.183041599999999926e+04 4.167936633711738503e-01
7.384878463388039336e+02 1.185768699999999990e+04 4.120908165492299657e-01
7.302866343785319714e+02 1.188502200000000084e+04 4.073899593555652121e-01
7.221765002578628128e+02 1.191242000000000007e+04 4.026912645614358910e-01
7.139920108547538575e+02 1.193988099999999940e+04 3.979947320440565539e-01
7.058190118907975830e+02 1.196740500000000065e+04 3.933003614767064393e-01
6.977395684723506974e+02 1.199499300000000039e+04 3.886079824765129587e-01
6.895938065538364299e+02 1.202264400000000023e+04 3.839177650997310787e-01
6.814646813110017547e+02 1.205035900000000038e+04 3.792295394879922066e-01
6.733538572865429614e+02 1.207813800000000083e+04 3.745433058968483664e-01
6.652629730238538741e+02 1.210598099999999977e+04 3.698590643767986075e-01
6.571179827677379990e+02 1.213388899999999921e+04 3.651766472229810434e-01
6.490727137781923375e+02 1.216186000000000058e+04 3.604963896421544689e-01
6.409783374316331219e+02 1.218989600000000064e+04 3.558179564282347718e-01
6.329120325550248936e+02 1.221799699999999939e+04 3.511413481844479767e-01
6.248033541437404210e+02 1.224616200000000026e+04 3.464667310569982117e-01
6.167275542079165689e+02 1.227439199999999983e+04 3.417939385991667356e-01
6.086860551796875143e+02 1.230268800000000010e+04 3.371228059501364394e-01
6.006802492562090947e+02 1.233104800000000068e+04 3.324536630700413165e-01
5.926432636519529069e+02 1.235947400000000016e+04 3.277861802805722702e-01
5.845791915299791981e+02 1.238796600000000035e+04 3.231203583030980431e-01
5.765584643328967331e+02 1.241652299999999923e+04 3.184563607595639612e-01
5.685823214113473796e+02 1.244514600000000064e+04 3.137940239930679942e-01
5.605874260221656868e+02 1.247383499999999913e+04 3.091333481251203885e-01
5.525776973252924336e+02 1.250259000000000015e+04 3.044743330798352909e-01
5.445570091036175882e+02 1.253141200000000026e+04 2.998168172039245016e-01
5.365909606308541697e+02 1.256029999999999927e+04 2.951609622671641509e-01
5.286197102425567209e+02 1.258925400000000081e+04 2.905067676091135365e-01
5.207069235750226426e+02 1.261827499999999964e+04 2.858540722699004499e-01
5.127354584484789939e+02 1.264736299999999937e+04 2.812028764740180931e-01
5.048279041064414514e+02 1.267651900000000023e+04 2.765530209771028813e-01
4.968706596654870964e+02 1.270574099999999999e+04 2.719048245770467886e-01
4.889825401925439792e+02 1.273503100000000086e+04 2.672579687838784190e-01
4.811088571800106024e+02 1.276438800000000083e+04 2.626126123203811336e-01
4.731984924015440583e+02 1.279381300000000010e+04 2.579685968287737108e-01
4.653646092311253710e+02 1.282330600000000049e+04 2.533259226125239572e-01
4.575023743426818896e+02 1.285286700000000019e+04 2.486845897813843020e-01
4.496176509638432321e+02 1.288249599999999919e+04 2.440445982536026959e-01
4.418179460053673893e+02 1.291219299999999930e+04 2.394059477581196305e-01
4.340036203529193131e+02 1.294195800000000054e+04 2.347686378367486171e-01
4.261802818841492240e+02 1.297179299999999967e+04 2.301323574502618374e-01
4.184016150954406044e+02 1.300169599999999991e+04 2.254974177578931149e-01
4.106703537452236787e+02 1.303166799999999967e+04 2.208636633367091484e-01
4.028963679500690773e+02 1.306170900000000074e+04 2.162310941714574719e-01
3.951785399319756493e+02 1.309181899999999951e+04 2.115997100595806701e-01
3.874747014427013028e+02 1.312199899999999980e+04 2.069693573836188794e-01
3.797898486040532475e+02 1.315224799999999959e+04 2.023401895790792882e-01
3.721288598287789000e+02 1.318256699999999910e+04 1.977120534339339430e-01
3.644964914838463983e+02 1.321295600000000013e+04 1.930849491664773376e-01
3.568973738490435608e+02 1.324341500000000087e+04 1.884588768077025689e-01
3.492957908941645542e+02 1.327394499999999971e+04 1.838336848971809934e-01
3.417380620730369856e+02 1.330454399999999987e+04 1.792096760896436658e-01
3.341899245821647355e+02 1.333521399999999994e+04 1.745865476303638530e-01
3.266956503663174658e+02 1.336595499999999993e+04 1.699642999501755902e-01
3.192591494623312087e+02 1.339676699999999983e+04 1.653429332927861539e-01
3.118123786792097007e+02 1.342764999999999964e+04 1.607224477169059140e-01
3.044341390300049284e+02 1.345860399999999936e+04 1.561028430983617543e-01
2.970936383006413735e+02 1.348962900000000081e+04 1.514841191321980585e-01
2.897632821856578289e+02 1.352072600000000057e+04 1.468661270154156817e-01
2.825161975219954797e+02 1.355189400000000023e+04 1.422490151384310231e-01
2.753235446940818179e+02 1.358313400000000001e+04 1.376326350716614577e-01
2.681596019580296684e+02 1.361444700000000012e+04 1.330168396623163662e-01
2.610618145439181603e+02 1.364583100000000013e+04 1.284019236197210256e-01
2.540348807206804622e+02 1.367728800000000047e+04 1.237875925621643169e-01
2.470832768124828362e+02 1.370881799999999930e+04 1.191738471009239353e-01
2.402112550404262947e+02 1.374042000000000007e+04 1.145608334576186937e-01
2.333959696806952309e+02 1.377209499999999935e+04 1.099484053744770318e-01
2.266957364705589839e+02 1.380384300000000076e+04 1.053365629212932308e-01
2.200611368928091167e+02 1.383566400000000067e+04 1.007253059898521874e-01
2.135715267578453904e+02 1.386755800000000090e+04 9.611463429597166819e-02
2.071778645337397222e+02 1.389952599999999984e+04 9.150440334120768515e-02
2.009062059903147883e+02 1.393156799999999930e+04 8.689461353357363915e-02
1.947795473809457008e+02 1.396368399999999929e+04 8.228526510160094620e-02
1.887962450061996833e+02 1.399587299999999959e+04 7.767650110337653846e-02
1.829756726215918832e+02 1.402813700000000063e+04 7.306803505930370424e-02
1.773549655646217786e+02 1.406047500000000036e+04 6.846001002151191894e-02
1.719267098953229436e+02 1.409288800000000083e+04 6.385228353301197757e-02
1.667221692394733736e+02 1.412537500000000000e+04 5.924499761630874772e-02
1.617496510085291561e+02 1.415793800000000010e+04 5.463786882831644931e-02
1.570519569503235289e+02 1.419057500000000073e+04 5.003118015936858232e-02
1.526487851414929935e+02 1.422328800000000047e+04 4.542464915911659240e-02
1.485399769909756458e+02 1.425607599999999911e+04 4.081841682006548400e-02
1.447915950175064950e+02 1.428894000000000051e+04 3.621234265838846333e-02
1.413980278920299440e+02 1.432187900000000081e+04 3.160656666095562617e-02
1.384023143166705552e+02 1.435489400000000023e+04 2.700094866104874036e-02
1.358292655206464019e+02 1.438798600000000079e+04 2.239534962667766305e-02
1.337036773998440538e+02 1.442115400000000045e+04 1.778990902888044623e-02
1.320363019874751842e+02 1.445439799999999923e+04 1.318462650675855663e-02
1.308559131135280040e+02 1.448771899999999914e+04 8.579363484109148175e-03
1.301797257588228263e+02 1.452111599999999999e+04 3.974257956027682503e-03
1.300000000000000000e+02 1.455459100000000035e+04 6.309657626504261430e-04
1.303446926383693096e+02 1.458814300000000003e+04 5.236169698450754417e-03
1.311726680893663683e+02 1.462177200000000084e+04 9.841354094273446762e-03
1.325083823875407631e+02 1.465547799999999916e+04 1.444651935823604294e-02
1.343053621678042191e+02 1.468926300000000083e+04 1.905193838187368982e-02
1.365819636476340406e+02 1.472312500000000000e+04 2.365733833866723312e-02
1.392814733855657892e+02 1.475706500000000051e+04 2.826285567140385258e-02
1.424109397534195409e+02 1.479108400000000074e+04 3.286862575259552610e-02
1.459127868482725603e+02 1.482518100000000049e+04 3.747451303817006529e-02
1.497763877773549268e+02 1.485935599999999977e+04 4.208051799663159454e-02
1.539725677096316190e+02 1.489361100000000079e+04 4.668690990166346477e-02
1.584868932878172245e+02 1.492794399999999951e+04 5.129341969064027396e-02
1.632650976092755002e+02 1.496235699999999997e+04 5.590031575819731646e-02
1.683035793478945834e+02 1.499684799999999996e+04 6.050733057546819893e-02
1.735774693374586946e+02 1.503142000000000007e+04 6.511486478670902578e-02
1.790784605486722114e+02 1.506607099999999991e+04 6.972265149062739642e-02
1.847537883510421466e+02 1.510080199999999968e+04 7.433082392019563223e-02
1.906309237265830632e+02 1.513561199999999917e+04 7.893924980831235061e-02
1.966497290250298988e+02 1.517050400000000081e+04 8.354832601617712129e-02
2.028118620074295961e+02 1.520547500000000036e+04 8.815765611567083493e-02
2.091189320328033148e+02 1.524052800000000025e+04 9.276763554356282082e-02
2.155724970364415753e+02 1.527566100000000006e+04 9.737800101968963062e-02
2.220973375223839241e+02 1.531087500000000000e+04 1.019888841138537616e-01
2.287406507486699923e+02 1.534617000000000007e+04 1.066002848973049977e-01
2.355013235717050293e+02 1.538154600000000028e+04 1.112122036001793601e-01
2.423222831829553456e+02 1.541700499999999920e+04 1.158249004981712904e-01
2.492260029037500715e+02 1.545254399999999987e+04 1.204379854572079633e-01
2.562083929019709103e+02 1.548816599999999926e+04 1.250518481699038897e-01
2.632651376233533824e+02 1.552387000000000080e+04 1.296663587112540927e-01
2.703605693234804335e+02 1.555965600000000086e+04 1.342815172580420491e-01
2.775194028252463454e+02 1.559552499999999964e+04 1.388974526935926601e-01
2.847694210528912890e+02 1.563147600000000057e+04 1.435140364038363092e-01
2.920406808789424531e+02 1.566751100000000042e+04 1.481315250358823388e-01
2.993597119759725160e+02 1.570362800000000061e+04 1.527496622884449984e-01
3.067208875957263672e+02 1.573982899999999972e+04 1.573687040282819583e-01
3.141183823896918739e+02 1.577611299999999937e+04 1.619885225430061082e-01
3.215461783846473622e+02 1.581247999999999956e+04 1.666091182751191502e-01
3.290359510356669830e+02 1.584893200000000070e+04 1.712307451241331657e-01
3.365451624363603287e+02 1.588546700000000055e+04 1.758531494615677149e-01
3.440672626655351110e+02 1.592208699999999953e+04 1.804765844284901277e-01
3.516360171404420498e+02 1.595879099999999926e+04 1.851009236268224001e-01
3.592471672525904296e+02 1.599557999999999993e+04 1.897262930585604801e-01
3.668540790073005269e+02 1.603245399999999972e+04 1.943526924953151713e-01
3.744926964707555044e+02 1.606941300000000047e+04 1.989801218635087743e-01
3.821583492340142243e+02 1.610645600000000013e+04 2.036084564269843300e-01
3.898462421773492110e+02 1.614358599999999933e+04 2.082380708633614352e-01
3.975514596083192487e+02 1.618079999999999927e+04 2.128685911060683722e-01
4.053156306944495668e+02 1.621810100000000057e+04 2.175003905910068980e-01
4.130411795703410007e+02 1.625548799999999937e+04 2.221333446755200391e-01
4.208170739794155111e+02 1.629295999999999913e+04 2.267673298873569276e-01
4.285913012639577460e+02 1.633051900000000023e+04 2.314025937725320281e-01
4.364086522206345080e+02 1.636816500000000087e+04 2.360391359398332778e-01
4.442151358716000686e+02 1.640589800000000105e+04 2.406769561512138722e-01
4.520571600112117494e+02 1.644371700000000055e+04 2.453159317815312157e-01
4.599317092160112566e+02 1.648162399999999980e+04 2.499563082181373019e-01
4.677818340505445462e+02 1.651961799999999857e+04 2.545979628851895438e-01
4.756564084477052461e+02 1.655770000000000073e+04 2.592410179402419024e-01
4.835521875105426375e+02 1.659586899999999878e+04 2.638853515973103026e-01
4.914092784923544741e+02 1.663412700000000041e+04 2.685312071319080340e-01
4.993365453786817625e+02 1.667247200000000157e+04 2.731783417397330993e-01
5.072748747483768170e+02 1.671090599999999904e+04 2.778269980195821054e-01
5.152207580995022909e+02 1.674942900000000009e+04 2.824771756087185448e-01
5.231706263079011023e+02 1.678804000000000087e+04 2.871287539400391164e-01
5.311208519900802685e+02 1.682674100000000180e+04 2.917819738930482742e-01
5.390677519704087217e+02 1.686552999999999884e+04 2.964365950757004153e-01
5.470705700522699999e+02 1.690440899999999965e+04 3.010928577092689684e-01
5.550004717934597238e+02 1.694337800000000061e+04 3.057507614565802001e-01
5.630453191103526933e+02 1.698243700000000172e+04 3.104103061280534259e-01
5.710095243976021493e+02 1.702158499999999913e+04 3.150713727330889391e-01
5.790197164219621300e+02 1.706082400000000052e+04 3.197341994968693202e-01
5.870746830462509251e+02 1.710015299999999843e+04 3.243986674838340578e-01
5.951046617289267715e+02 1.713957300000000032e+04 3.290648953360199025e-01
6.031055878827962715e+02 1.717908399999999892e+04 3.337328828941692471e-01
6.112140830466844363e+02 1.721868600000000151e+04 3.384026301430086425e-01
6.192176862892581539e+02 1.725837900000000081e+04 3.430741372095976738e-01
6.273260935058262930e+02 1.729816400000000067e+04 3.477475217155975296e-01
6.353943552600552493e+02 1.733804000000000087e+04 3.524226662671242627e-01
6.434922967160155167e+02 1.737800800000000163e+04 3.570996883196723148e-01
6.515434037154539055e+02 1.741806899999999951e+04 3.617787045791414080e-01
6.596192969551228771e+02 1.745822200000000157e+04 3.664595980776496065e-01
6.677184127009833219e+02 1.749846700000000055e+04 3.711423691165578465e-01
6.758391598585685642e+02 1.753880500000000029e+04 3.758271341631048701e-01
6.839799203742065856e+02 1.757923600000000079e+04 3.805138931394036472e-01
6.920593687907397680e+02 1.761975999999999840e+04 3.852026461075556130e-01
7.002342549310584445e+02 1.766037800000000061e+04 3.898935086477908207e-01
7.083425854572469689e+02 1.770109000000000015e+04 3.945864804543586235e-01
7.165448060258873966e+02 1.774189500000000044e+04 3.992814464105974848e-01
7.246751220068694010e+02 1.778279400000000169e+04 4.039785218681946066e-01
7.328133159681650568e+02 1.782378800000000047e+04 4.086778214652937447e-01
7.409575920785554217e+02 1.786487600000000020e+04 4.133792304990123734e-01
7.491923813277176123e+02 1.790605900000000111e+04 4.180828634616394757e-01
7.573442846082523374e+02 1.794733599999999933e+04 4.227886063449414200e-01
7.654967519622657619e+02 1.798870899999999892e+04 4.274966871852360351e-01
7.737369769257428516e+02 1.803017699999999968e+04 4.322069920390491093e-01
7.818858475708129845e+02 1.807174100000000180e+04 4.369196344856451919e-01
7.901205407819109041e+02 1.811340100000000166e+04 4.416346143428413473e-01
7.983500416917770508e+02 1.815515699999999924e+04 4.463519315652977326e-01
8.065723915487958493e+02 1.819700899999999820e+04 4.510715862429524048e-01
8.147856137969737347e+02 1.823895699999999852e+04 4.557935785994681188e-01
8.229877148074135675e+02 1.828100200000000041e+04 4.605180212566652997e-01
8.312723828880693873e+02 1.832314400000000023e+04 4.652449141009448175e-01
8.394471371051495225e+02 1.836538300000000163e+04 4.699742571533702673e-01
8.477022820676521633e+02 1.840772000000000116e+04 4.747061622367421130e-01
8.559400589263968868e+02 1.845015399999999863e+04 4.794405175736344837e-01
8.642578886162003755e+02 1.849268600000000151e+04 4.841774348575571540e-01
8.724556356079476700e+02 1.853531599999999889e+04 4.889169140491835819e-01
8.807311407047992589e+02 1.857804499999999825e+04 4.936590661265140012e-01
8.890851414658581007e+02 1.862087099999999919e+04 4.984036693501762150e-01
8.973117449923147433e+02 1.866379699999999866e+04 5.031510561498696577e-01
9.056144683439993059e+02 1.870682099999999991e+04 5.079010052425901867e-01
9.138887944563309702e+02 1.874994499999999971e+04 5.126537374723606488e-01
9.222387205894290219e+02 1.879316800000000148e+04 5.174091425110800557e-01
9.305577968849158879e+02 1.883649100000000180e+04 5.221673303937416355e-01
9.388438209941733703e+02 1.887991300000000047e+04 5.269281914337619055e-01
9.472036268671960215e+02 1.892343600000000151e+04 5.316919449058099545e-01
9.555278559408326373e+02 1.896705900000000111e+04 5.364584811953112542e-01
9.638142705224673819e+02 1.901078299999999945e+04 5.412279095391839823e-01
9.721725455592338676e+02 1.905460699999999997e+04 5.460001209558535962e-01
9.806033042307908545e+02 1.909853299999999945e+04 5.507753331856553025e-01
9.888794509960955565e+02 1.914255900000000111e+04 5.555533288856845386e-01
9.972254472152872040e+02 1.918668700000000172e+04 5.603343253156148895e-01
1.005641882407420439e+03 1.923091700000000128e+04 5.651183222607932821e-01
1.014012601831450183e+03 1.927524899999999980e+04 5.699053196358483397e-01
1.022452997096256013e+03 1.931968300000000090e+04 5.746953174832150069e-01
1.030844960922590872e+03 1.936422000000000116e+04 5.794884235029839070e-01
1.039186155661529028e+03 1.940885900000000038e+04 5.842845301009388370e-01
1.047594844089926482e+03 1.945360099999999875e+04 5.890837448722200387e-01
1.055949994606083010e+03 1.949844599999999991e+04 5.938860678284599848e-01
1.064371782086465146e+03 1.954339500000000044e+04 5.986916059298365012e-01
1.072860737997858450e+03 1.958844700000000012e+04 6.035002522643195810e-01
1.081292902433472136e+03 1.963360299999999916e+04 6.083121136918561156e-01
1.089665879944543576e+03 1.967886300000000119e+04 6.131271901994489459e-01
1.098103693497952008e+03 1.972422699999999895e+04 6.179454818986345188e-01
1.106606845150747176e+03 1.976969599999999991e+04 6.227670949800038214e-01
1.115047458874693348e+03 1.981527000000000044e+04 6.275920292867546157e-01
1.123552453151090049e+03 1.986094900000000052e+04 6.324202847870824540e-01
1.131991986144802013e+03 1.990673300000000017e+04 6.372518615727512659e-01
1.140494912455801568e+03 1.995262299999999959e+04 6.420868651341465894e-01
1.148929425258177616e+03 1.999861899999999878e+04 6.469252953021593644e-01
