1.351896215577776502e+03 1.002305199999999968e+04 7.632814533618832442e-01
1.343208255341719223e+03 1.004615799999999945e+04 7.583542254385533532e-01
1.334576128277020189e+03 1.006931699999999910e+04 7.534310748448855843e-01
1.325999475571836228e+03 1.009252900000000045e+04 7.485120009331169832e-01
1.317326269197978718e+03 1.011579500000000007e+04 7.435967918851741354e-01
1.308709793245354149e+03 1.013911399999999958e+04 7.386856588231137666e-01
1.300149676646959961e+03 1.016248699999999917e+04 7.337783907585229137e-01
1.291496853133254945e+03 1.018591400000000067e+04 7.288749880465643649e-01
1.282901616339067004e+03 1.020939500000000044e+04 7.239754507987224974e-01
1.274363583010275761e+03 1.023293000000000029e+04 7.190797788855853856e-01
1.265736640738552524e+03 1.025651900000000023e+04 7.141879719396109216e-01
1.257168099486719484e+03 1.028016300000000047e+04 7.092998229358034035e-01
1.248657563902749644e+03 1.030386100000000079e+04 7.044155387260392365e-01
1.240061865694008475e+03 1.032761399999999958e+04 6.995349130764663137e-01
1.231525339855524408e+03 1.035142200000000048e+04 6.946579465662521269e-01
1.222906778596669938e+03 1.037528399999999965e+04 6.897848434412332530e-01
1.214348532457423062e+03 1.039920199999999932e+04 6.849151953612259147e-01
1.205850179335584471e+03 1.042317400000000089e+04 6.800494093896317649e-01
1.197273450947845731e+03 1.044720199999999932e+04 6.751870792008133337e-01
1.188757725387072696e+03 1.047128499999999985e+04 6.703284074791692193e-01
1.180302568764639773e+03 1.049542400000000089e+04 6.654731925622059396e-01
1.171772637201584075e+03 1.051961900000000060e+04 6.606214352139709867e-01
1.163304350622108132e+03 1.054386900000000060e+04 6.557733355785561047e-01
1.154764308716421056e+03 1.056817499999999927e+04 6.509286931203118742e-01
1.146286960907693356e+03 1.059253700000000026e+04 6.460875079002884602e-01
1.137871846946450887e+03 1.061695600000000013e+04 6.412495819240376926e-01
1.129388476823287874e+03 1.064143000000000029e+04 6.364153110324750617e-01
1.120839305394511939e+03 1.066596099999999933e+04 6.315842995396189208e-01
1.112482920884456917e+03 1.069054900000000089e+04 6.267565483587085318e-01
1.103934617547207836e+03 1.071519299999999930e+04 6.219322536327398510e-01
1.095578125086688260e+03 1.073989400000000023e+04 6.171112191707686101e-01
1.087034561282651794e+03 1.076465200000000004e+04 6.122934451897659169e-01
1.078681802787689548e+03 1.078946700000000055e+04 6.074789316772158942e-01
1.070270000292416853e+03 1.081434000000000015e+04 6.026674852400724092e-01
1.061801543461081792e+03 1.083926900000000023e+04 5.978594922937979783e-01
1.053400092862831798e+03 1.086425599999999940e+04 5.930545664122565119e-01
1.044944807671902026e+03 1.088930099999999948e+04 5.882527083905845222e-01
1.036557390186836528e+03 1.091440300000000025e+04 5.834541096741049371e-01
1.028237295656583456e+03 1.093956400000000031e+04 5.786583882701685777e-01
1.019866560466379724e+03 1.096478199999999924e+04 5.738659254938180965e-01
1.011447516351745094e+03 1.099005800000000090e+04 5.690765303525255892e-01
1.003097971823185617e+03 1.101539300000000003e+04 5.642900138617905625e-01
9.947028271708970806e+02 1.104078600000000006e+04 5.595065652250380550e-01
9.863779433064004252e+02 1.106623799999999937e+04 5.547259961137933626e-01
9.780101281429332403e+02 1.109174799999999959e+04 5.499484941832467610e-01
9.696016643603443299e+02 1.111731699999999910e+04 5.451738717610623564e-01
9.612654925317433481e+02 1.114294499999999971e+04 5.404021290521326959e-01
9.530009911254512645e+02 1.116863199999999961e+04 5.356332660397005174e-01
9.445900190212194047e+02 1.119437900000000081e+04 5.308670976401265174e-01
9.362532802623857151e+02 1.122018499999999949e+04 5.261038093158972861e-01
9.279901196821616622e+02 1.124604999999999927e+04 5.213434003930781380e-01
9.196939981162181539e+02 1.127197500000000036e+04 5.165856867318372458e-01
9.113671118362581183e+02 1.129795900000000074e+04 5.118308515444007778e-01
9.031156169748145430e+02 1.132400400000000081e+04 5.070785291137781536e-01
8.947327873813103452e+02 1.135010800000000017e+04 5.023290844213242901e-01
8.865298278803510357e+02 1.137627299999999923e+04 4.975821534105748789e-01
8.781998372963184920e+02 1.140249799999999959e+04 4.928379179001153299e-01
8.699481167726358990e+02 1.142878299999999945e+04 4.880963772930903000e-01
8.616747211907548945e+02 1.145512900000000081e+04 4.833573511630230302e-01
8.533817525372094224e+02 1.148153600000000006e+04 4.786208400266039886e-01
8.451685974460178841e+02 1.150800400000000081e+04 4.738868441824924949e-01
8.369381261623332193e+02 1.153453299999999945e+04 4.691553637138011768e-01
8.286923931155612308e+02 1.156112199999999939e+04 4.644265760870673887e-01
8.204334378570281388e+02 1.158777399999999943e+04 4.596999481721408820e-01
8.122567934083070895e+02 1.161448600000000079e+04 4.549760122097321613e-01
8.039764956952661805e+02 1.164126000000000022e+04 4.502544137461219620e-01
7.957806088862315619e+02 1.166809599999999955e+04 4.455351533034713762e-01
7.875775940395039925e+02 1.169499400000000060e+04 4.408182311892755445e-01
7.793694036025970036e+02 1.172195399999999972e+04 4.361036474988059242e-01
7.711579715644645603e+02 1.174897600000000057e+04 4.313914021175316860e-01
7.629452127619604198e+02 1.177605999999999949e+04 4.266814947235308964e-01
7.548199190569267785e+02 1.180320600000000013e+04 4.219739247898777190e-01
7.466092260332577553e+02 1.183041599999999926e+04 4.172683461951439687e-01
7.384878463388039336e+02 1.185768699999999990e+04 4.125652775305261866e-01
7.302866343785319714e+02 1.188502200000000084e+04 4.078642010005092411e-01
7.221765002578628128e+02 1.191242000000000007e+04 4.031652893845596441e-01
7.139920108547538575e+02 1.193988099999999940e+04 3.984685425598627484e-01
7.058190118907975830e+02 1.196740500000000065e+04 3.937739601996225192e-01
6.977395684723506974e+02 1.199499300000000039e+04 3.890813719133113802e-01
6.895938065538364299e+02 1.202264400000000023e+04 3.843909477647626804e-01
6.814646813110017547e+02 1.205035900000000038e+04 3.797025178880757412e-01
6.733538572865429614e+02 1.207813800000000083e+04 3.750160825388616503e-01
6.652629730238538741e+02 1.210598099999999977e+04 3.703316417676308925e-01
6.571179827677379990e+02 1.213388899999999921e+04 3.656490278624897616e-01
6.490727137781923375e+02 1.216186000000000058e+04 3.609685760442141733e-01
6.409783374316331219e+02 1.218989600000000064e+04 3.562899510927026725e-01
6.329120325550248936e+02 1.221799699999999939e+04 3.516131536113217271e-01
6.248033541437404210e+02 1.224616200000000026e+04 3.469383497529453519e-01
6.167275542079165689e+02 1.227439199999999983e+04 3.422653730641147529e-01
6.086860551796875143e+02 1.230268800000000010e+04 3.375940586776415842e-01
6.006802492562090947e+02 1.233104800000000068e+04 3.329247365664580460e-01
5.926432636519529069e+02 1.235947400000000016e+04 3.282570770395218940e-01
5.845791915299791981e+02 1.238796600000000035e+04 3.235910808183700693e-01
5.765584643328967331e+02 1.241652299999999923e+04 3.189269115310312541e-01
5.685823214113473796e+02 1.244514600000000064e+04 3.142644055145114024e-01
5.605874260221656868e+02 1.247383499999999913e+04 3.096035628903489600e-01
5.525776973252924336e+02 1.250259000000000015e+04 3.049443835826408655e-01
5.445570091036175882e+02 1.253141200000000026e+04 3.002867059324724197e-01
5.365909606308541697e+02 1.256029999999999927e+04 2.956306917152732305e-01
5.286197102425567209e+02 1.258925400000000081e+04 2.909763402704487190e-01
5.207069235750226426e+02 1.261827499999999964e+04 2.863234906326622697e-01
5.127354584484789939e+02 1.264736299999999937e+04 2.816721430264587100e-01
5.048279041064414514e+02 1.267651900000000023e+04 2.770221382024081747e-01
4.968706596654870964e+02 1.270574099999999999e+04 2.723737949686074744e-01
4.889825401925439792e+02 1.273503100000000086e+04 2.677267948249515417e-01
4.811088571800106024e+02 1.276438800000000083e+04 2.630812964991696701e-01
4.731984924015440583e+02 1.279381300000000010e+04 2.584371416286197487e-01
4.653646092311253710e+02 1.282330600000000049e+04 2.537943305168399721e-01
4.575023743426818896e+02 1.285286700000000019e+04 2.491528632736088600e-01
4.496176509638432321e+02 1.288249599999999919e+04 2.445127398171550448e-01
4.418179460053673893e+02 1.291219299999999930e+04 2.398739598763558467e-01
4.340036203529193131e+02 1.294195800000000054e+04 2.352365229929187507e-01
4.261802818841492240e+02 1.297179299999999967e+04 2.306001181192136595e-01
4.184016150954406044e+02 1.300169599999999991e+04 2.259650564229043201e-01
4.106703537452236787e+02 1.303166799999999967e+04 2.213311824768789959e-01
4.028963679500690773e+02 1.306170900000000074e+04 2.166984962658815572e-01
3.951785399319756493e+02 1.309181899999999951e+04 2.120669975873075153e-01
3.874747014427013028e+02 1.312199899999999980e+04 2.074365328199380132e-01
3.797898486040532475e+02 1.315224799999999959e+04 2.028072554029974883e-01
3.721288598287789000e+02 1.318256699999999910e+04 1.981790121207925859e-01
3.644964914838463983e+02 1.321295600000000013e+04 1.935518031916686477e-01
3.568973738490435608e+02 1.324341500000000087e+04 1.889256286466262091e-01
3.492957908941645542e+02 1.327394499999999971e+04 1.843003370219785664e-01
3.417380620730369856e+02 1.330454399999999987e+04 1.796762309789108336e-01
3.341899245821647355e+02 1.333521399999999994e+04 1.750530077562192366e-01
3.266956503663174658e+02 1.336595499999999993e+04 1.704306677848378415e-01
3.192591494623312087e+02 1.339676699999999983e+04 1.658092113085306574e-01
3.118123786792097007e+02 1.342764999999999964e+04 1.611886383860213767e-01
3.044341390300049284e+02 1.345860399999999936e+04 1.565689488931084616e-01
2.970936383006413735e+02 1.348962900000000081e+04 1.519501425247652415e-01
2.897632821856578289e+02 1.352072600000000057e+04 1.473320704753525723e-01
2.825161975219954797e+02 1.355189400000000023e+04 1.427148811378310400e-01
2.753235446940818179e+02 1.358313400000000001e+04 1.380984260800645069e-01
2.681596019580296684e+02 1.361444700000000012e+04 1.334825581470056033e-01
2.610618145439181603e+02 1.364583100000000013e+04 1.288675720525872537e-01
2.540348807206804622e+02 1.367728800000000047e+04 1.242531734105666308e-01
2.470832768124828362e+02 1.370881799999999930e+04 1.196393628323638714e-01
2.402112550404262947e+02 1.374042000000000007e+04 1.150262865416379343e-01
2.333959696806952309e+02 1.377209499999999935e+04 1.104137982785687866e-01
2.266957364705589839e+02 1.380384300000000076e+04 1.058018981129668079e-01
2.200611368928091167e+02 1.383566400000000067e+04 1.011905859365914706e-01
2.135715267578453904e+02 1.386755800000000090e+04 9.657986146519503823e-02
2.071778645337397222e+02 1.389952599999999984e+04 9.196958019869283518e-02
2.009062059903147883e+02 1.393156799999999930e+04 8.735974254519407456e-02
1.947795473809457008e+02 1.396368399999999929e+04 8.275034873328224183e-02
1.887962450061996833e+02 1.399587299999999959e+04 7.814154182235011348e-02
1.829756726215918832e+02 1.402813700000000063e+04 7.353303533010580040e-02
1.773549655646217786e+02 1.406047500000000036e+04 6.892497230998306801e-02
1.719267098953229436e+02 1.409288800000000083e+04 6.431721030382675508e-02
1.667221692394733736e+02 1.412537500000000000e+04 5.970989133520654413e-02
1.617496510085291561e+02 1.415793800000000010e+04 5.510273195904702437e-02
1.570519569503235289e+02 1.419057500000000073e+04 5.049601516756607733e-02
1.526487851414929935e+02 1.422328800000000047e+04 4.588945850865633336e-02
1.485399769909756458e+02 1.425607599999999911e+04 4.128320297564813668e-02
1.447915950175064950e+02 1.428894000000000051e+04 3.667710808400792555e-02
1.413980278920299440e+02 1.432187900000000081e+04 3.207131382119687846e-02
1.384023143166705552e+02 1.435489400000000023e+04 2.746568001986360308e-02
1.358292655206464019e+02 1.438798600000000079e+04 2.286006764764836330e-02
1.337036773998440538e+02 1.442115400000000045e+04 1.825461617606072284e-02
1.320363019874751842e+02 1.445439799999999923e+04 1.364932524411832659e-02
1.308559131135280040e+02 1.448771899999999914e+04 9.044056275354872554e-03
1.301797257588228263e+02 1.452111599999999999e+04 4.438947264994497210e-03
1.300000000000000000e+02 1.455459100000000035e+04 1.662774723143467526e-04
1.303446926383693096e+02 1.458814300000000003e+04 4.771479962973557143e-03
1.311726680893663683e+02 1.462177200000000084e+04 9.376660449939344666e-03
1.325083823875407631e+02 1.465547799999999916e+04 1.398181934142417315e-02
1.343053621678042191e+02 1.468926300000000083e+04 1.858722952850078158e-02
1.365819636476340406e+02 1.472312500000000000e+04 2.319261818512763362e-02
1.392814733855657892e+02 1.475706500000000051e+04 2.779812175385942830e-02
1.424109397534195409e+02 1.479108400000000074e+04 3.240387560672852718e-02
1.459127868482725603e+02 1.482518100000000049e+04 3.700974420010272325e-02
1.497763877773549268e+02 1.485935599999999977e+04 4.161572800259516480e-02
1.539725677096316190e+02 1.489361100000000079e+04 4.622209628658602298e-02
1.584868932878172245e+02 1.492794399999999951e+04 5.082857999080236944e-02
1.632650976092755002e+02 1.496235699999999997e+04 5.543544750837159363e-02
1.683035793478945834e+02 1.499684799999999996e+04 6.004243131213626850e-02
1.735774693374586946e+02 1.503142000000000007e+04 6.464993204363866930e-02
1.790784605486722114e+02 1.506607099999999991e+04 6.925768280344068994e-02
1.847537883510421466e+02 1.510080199999999968e+04 7.386581682353710043e-02
1.906309237265830632e+02 1.513561199999999917e+04 7.847420183802877869e-02
1.966497290250298988e+02 1.517050400000000081e+04 8.308323470452205761e-02
2.028118620074295961e+02 1.520547500000000036e+04 8.769251899859153987e-02
2.091189320328033148e+02 1.524052800000000025e+04 9.230245015308280454e-02
2.155724970364415753e+02 1.527566100000000006e+04 9.691276489052802479e-02
2.220973375223839241e+02 1.531087500000000000e+04 1.015235947793656779e-01
2.287406507486699923e+02 1.534617000000000007e+04 1.061349398908619790e-01
2.355013235717050293e+02 1.538154600000000028e+04 1.107468004552067953e-01
2.423222831829553456e+02 1.541700499999999920e+04 1.153594367446996172e-01
2.492260029037500715e+02 1.545254399999999987e+04 1.199724586304244944e-01
2.562083929019709103e+02 1.548816599999999926e+04 1.245862557997368114e-01
2.632651376233533824e+02 1.552387000000000080e+04 1.292006983293785272e-01
2.703605693234804335e+02 1.555965600000000086e+04 1.338157863961739746e-01
2.775194028252463454e+02 1.559552499999999964e+04 1.384316488814593127e-01
2.847694210528912890e+02 1.563147600000000057e+04 1.430481571732158397e-01
2.920406808789424531e+02 1.566751100000000042e+04 1.476655679143165090e-01
2.993597119759725160e+02 1.570362800000000061e+04 1.522836248077924504e-01
3.067208875957263672e+02 1.573982899999999972e+04 1.569025837159830905e-01
3.141183823896918739e+02 1.577611299999999937e+04 1.615223169287616223e-01
3.215461783846473622e+02 1.581247999999999956e+04 1.661428248887328873e-01
3.290359510356669830e+02 1.584893200000000070e+04 1.707643614905333118e-01
3.365451624363603287e+02 1.588546700000000055e+04 1.753866731106207277e-01
3.440672626655351110e+02 1.592208699999999953e+04 1.800100128850106174e-01
3.516360171404420498e+02 1.595879099999999926e+04 1.846342544181914791e-01
3.592471672525904296e+02 1.599557999999999993e+04 1.892595237095006100e-01
3.668540790073005269e+02 1.603245399999999972e+04 1.938858205304959670e-01
3.744926964707555044e+02 1.606941300000000047e+04 1.985131448075829752e-01
3.821583492340142243e+02 1.610645600000000013e+04 2.031413718075564256e-01
3.898462421773492110e+02 1.614358599999999933e+04 2.077708761992884678e-01
3.975514596083192487e+02 1.618079999999999927e+04 2.124012839250971618e-01
4.053156306944495668e+02 1.621810100000000057e+04 2.170329684118480484e-01
4.130411795703410007e+02 1.625548799999999937e+04 2.216658050198581087e-01
4.208170739794155111e+02 1.629295999999999913e+04 2.262996702801218785e-01
4.285913012639577460e+02 1.633051900000000023e+04 2.309348117323023475e-01
4.364086522206345080e+02 1.636816500000000087e+04 2.355712289850961927e-01
4.442151358716000686e+02 1.640589800000000105e+04 2.402089218004016535e-01
4.520571600112117494e+02 1.644371700000000055e+04 2.448477675565184919e-01
4.599317092160112566e+02 1.648162399999999980e+04 2.494880116339455167e-01
4.677818340505445462e+02 1.651961799999999857e+04 2.541295314602938227e-01
4.756564084477052461e+02 1.655770000000000073e+04 2.587724491895659895e-01
4.835521875105426375e+02 1.659586899999999878e+04 2.634166430394160319e-01
4.914092784923544741e+02 1.663412700000000041e+04 2.680623562780128921e-01
4.993365453786817625e+02 1.667247200000000157e+04 2.727093461085080550e-01
5.072748747483768170e+02 1.671090599999999904e+04 2.773578551221964617e-01
5.152207580995022909e+02 1.674942900000000009e+04 2.820078829562575606e-01
5.231706263079011023e+02 1.678804000000000087e+04 2.866593090475091365e-01
5.311208519900802685e+02 1.682674100000000180e+04 2.913123742675540750e-01
5.390677519704087217e+02 1.686552999999999884e+04 2.959668382323616953e-01
5.470705700522699999e+02 1.690440899999999965e+04 3.006229411551513131e-01
5.550004717934597238e+02 1.694337800000000061e+04 3.052806826986698141e-01
5.630453191103526933e+02 1.698243700000000172e+04 3.099400626732936592e-01
5.710095243976021493e+02 1.702158499999999913e+04 3.146009620927098238e-01
5.790197164219621300e+02 1.706082400000000052e+04 3.192636191735832574e-01
5.870746830462509251e+02 1.710015299999999843e+04 3.239279149846533423e-01
5.951046617289267715e+02 1.713957300000000032e+04 3.285939681635885457e-01
6.031055878827962715e+02 1.717908399999999892e+04 3.332617785510944008e-01
6.112140830466844363e+02 1.721868600000000151e+04 3.379313461318935730e-01
6.192176862892581539e+02 1.725837900000000081e+04 3.426026710330754010e-01
6.273260935058262930e+02 1.729816400000000067e+04 3.472758708716955356e-01
6.353943552600552493e+02 1.733804000000000087e+04 3.519508282585285253e-01
6.434922967160155167e+02 1.737800800000000163e+04 3.566276606444248598e-01
6.515434037154539055e+02 1.741806899999999951e+04 3.613064847304657823e-01
6.596192969551228771e+02 1.745822200000000157e+04 3.659871835535266626e-01
6.677184127009833219e+02 1.749846700000000055e+04 3.706697574150383812e-01
6.758391598585685642e+02 1.753880500000000029e+04 3.753543227773663560e-01
6.839799203742065856e+02 1.757923600000000079e+04 3.800408795626053493e-01
6.920593687907397680e+02 1.761975999999999840e+04 3.847294278328710071e-01
7.002342549310584445e+02 1.766037800000000061e+04 3.894200831633137794e-01
7.083425854572469689e+02 1.770109000000000015e+04 3.941128452481116318e-01
7.165448060258873966e+02 1.774189500000000044e+04 3.988075989757912110e-01
7.246751220068694010e+02 1.778279400000000169e+04 4.035044596929062699e-01
7.328133159681650568e+02 1.782378800000000047e+04 4.082035420323018027e-01
7.409575920785554217e+02 1.786487600000000020e+04 4.129047312963791683e-01
7.491923813277176123e+02 1.790605900000000111e+04 4.176081419720946153e-01
7.573442846082523374e+02 1.794733599999999933e+04 4.223136600566599341e-01
7.654967519622657619e+02 1.798870899999999892e+04 4.270215135755067726e-01
7.737369769257428516e+02 1.803017699999999968e+04 4.317315885906216621e-01
7.818858475708129845e+02 1.807174100000000180e+04 4.364439986757239209e-01
7.901205407819109041e+02 1.811340100000000166e+04 4.411587436485884250e-01
7.983500416917770508e+02 1.815515699999999924e+04 4.458758234638650064e-01
8.065723915487958493e+02 1.819700899999999820e+04 4.505952382115122612e-01
8.147856137969737347e+02 1.823895699999999852e+04 4.553169881152450138e-01
8.229877148074135675e+02 1.828100200000000041e+04 4.600411857911168578e-01
8.312723828880693873e+02 1.832314400000000023e+04 4.647678311255015737e-01
8.394471371051495225e+02 1.836538300000000163e+04 4.694969241394681969e-01
8.477022820676521633e+02 1.840772000000000116e+04 4.742285766498639532e-01
8.559400589263968868e+02 1.845015399999999863e+04 4.789626768852263128e-01
8.642578886162003755e+02 1.849268600000000151e+04 4.836993365330823913e-01
8.724556356079476700e+02 1.853531599999999889e+04 4.884385555540964319e-01
8.807311407047992589e+02 1.857804499999999825e+04 4.931804449201193652e-01
8.890851414658581007e+02 1.862087099999999919e+04 4.979247829041280049e-01
8.973117449923147433e+02 1.866379699999999866e+04 5.026719019172563030e-01
9.056144683439993059e+02 1.870682099999999991e+04 5.074215806889557090e-01
9.138887944563309702e+02 1.874994499999999971e+04 5.121740400506916702e-01
9.222387205894290219e+02 1.879316800000000148e+04 5.169291696806637137e-01
9.305577968849158879e+02 1.883649100000000180e+04 5.216870796074969396e-01
9.388438209941733703e+02 1.887991300000000047e+04 5.264476601510564846e-01
9.472036268671960215e+02 1.892343600000000151e+04 5.312111305730902178e-01
9.555278559408326373e+02 1.896705900000000111e+04 5.359773812654898828e-01
9.638142705224673819e+02 1.901078299999999945e+04 5.407465214586198998e-01
9.721725455592338676e+02 1.905460699999999997e+04 5.455184421775182146e-01
9.806033042307908545e+02 1.909853299999999945e+04 5.502933611492426547e-01
9.888794509960955565e+02 1.914255900000000111e+04 5.550710610442588511e-01
9.972254472152872040e+02 1.918668700000000172e+04 5.598517591088504330e-01
1.005641882407420439e+03 1.923091700000000128e+04 5.646354551283147005e-01
1.014012601831450183e+03 1.927524899999999980e+04 5.694221490172605149e-01
1.022452997096256013e+03 1.931968300000000090e+04 5.742118408181322575e-01
1.030844960922590872e+03 1.936422000000000116e+04 5.790046382241100797e-01
1.039186155661529028e+03 1.940885900000000038e+04 5.838004336479130085e-01
1.047594844089926482e+03 1.945360099999999875e+04 5.885993346777457225e-01
1.055949994606083010e+03 1.949844599999999991e+04 5.934013413252441360e-01
1.064371782086465146e+03 1.954339500000000044e+04 5.982065605435024080e-01
1.072860737997858450e+03 1.958844700000000012e+04 6.030148854275853010e-01
1.081292902433472136e+03 1.963360299999999916e+04 6.078264228303329464e-01
1.089665879944543576e+03 1.967886300000000119e+04 6.126411727387456319e-01
1.098103693497952008e+03 1.972422699999999895e+04 6.174591352643853392e-01
1.106606845150747176e+03 1.976969599999999991e+04 6.222804165905815310e-01
1.115047458874693348e+03 1.981527000000000044e+04 6.271050165604956650e-01
1.123552453151090049e+03 1.986094900000000052e+04 6.319329351423156327e-01
1.131991986144802013e+03 1.990673300000000017e+04 6.367641724278267912e-01
1.140494912455801568e+03 1.995262299999999959e+04 6.415988338999902840e-01
1.148929425258177616e+03 1.999861899999999878e+04 6.464369193896578603e-01
