2015-03-12	10:04
Amplitude: 1,00 V
Freq  (Hz) 	 Gain (dB)  	 Phase (deg)
10000,000            -22,339             85,619
10023,052            -22,284             85,591
10046,158            -22,228             85,562
10069,317            -22,171             85,533
10092,529            -22,115             85,504
10115,795            -22,058             85,474
10139,114            -22,001             85,444
10162,487            -21,943             85,414
10185,914            -21,885             85,383
10209,395            -21,827             85,352
10232,930            -21,768             85,321
10256,519            -21,709             85,289
10280,163            -21,650             85,256
10303,861            -21,590             85,224
10327,614            -21,530             85,190
10351,422            -21,470             85,157
10375,284            -21,409             85,123
10399,202            -21,348             85,088
10423,174            -21,287             85,053
10447,202            -21,225             85,018
10471,285            -21,162             84,982
10495,424            -21,100             84,945
10519,619            -21,037             84,908
10543,869            -20,973             84,871
10568,175            -20,909             84,833
10592,537            -20,845             84,794
10616,956            -20,780             84,755
10641,430            -20,715             84,716
10665,961            -20,649             84,675
10690,549            -20,583             84,635
10715,193            -20,516             84,593
10739,894            -20,449             84,551
10764,652            -20,382             84,508
10789,467            -20,314             84,465
10814,340            -20,245             84,421
10839,269            -20,176             84,377
10864,256            -20,107             84,331
10889,301            -20,037             84,285
10914,403            -19,966             84,239
10939,564            -19,895             84,191
10964,782            -19,824             84,143
10990,058            -19,752             84,094
11015,393            -19,679             84,044
11040,786            -19,606             83,993
11066,238            -19,532             83,942
11091,748            -19,458             83,890
11117,317            -19,383             83,837
11142,945            -19,307             83,783
11168,632            -19,231             83,728
11194,379            -19,154             83,672
11220,185            -19,077             83,615
11246,050            -18,999             83,557
11271,975            -18,920             83,498
11297,959            -18,841             83,438
11324,004            -18,761             83,377
11350,108            -18,680             83,315
11376,273            -18,599             83,252
11402,498            -18,517             83,187
11428,783            -18,434             83,122
11455,129            -18,350             83,055
11481,536            -18,266             82,987
11508,004            -18,181             82,917
11534,533            -18,095             82,846
11561,122            -18,008             82,774
11587,774            -17,920             82,701
11614,486            -17,832             82,626
11641,260            -17,743             82,549
11668,096            -17,653             82,471
11694,994            -17,562             82,391
11721,954            -17,470             82,310
11748,976            -17,377             82,227
11776,060            -17,283             82,142
11803,206            -17,189             82,055
11830,416            -17,093             81,967
11857,687            -16,997             81,876
11885,022            -16,899             81,784
11912,420            -16,800             81,689
11939,881            -16,700             81,593
11967,405            -16,600             81,494
11994,993            -16,498             81,392
12022,644            -16,394             81,289
12050,359            -16,290             81,183
12078,138            -16,185             81,074
12105,981            -16,078             80,963
12133,889            -15,970             80,849
12161,860            -15,861             80,732
12189,896            -15,750             80,613
12217,997            -15,639             80,490
12246,162            -15,525             80,364
12274,392            -15,411             80,235
12302,688            -15,295             80,102
12331,048            -15,177             79,966
12359,474            -15,058             79,826
12387,966            -14,937             79,682
12416,523            -14,815             79,534
12445,146            -14,691             79,382
12473,835            -14,566             79,226
12502,590            -14,439             79,065
12531,412            -14,310             78,899
12560,300            -14,179             78,728
12589,254            -14,046             78,552
12618,275            -13,911             78,371
12647,363            -13,775             78,184
12676,519            -13,636             77,991
12705,741            -13,495             77,792
12735,031            -13,352             77,586
12764,388            -13,207             77,373
12793,813            -13,060             77,153
12823,306            -12,910             76,926
12852,867            -12,757             76,690
12882,496            -12,603             76,447
12912,193            -12,445             76,194
12941,958            -12,285             75,932
12971,793            -12,122             75,660
13001,696            -11,956             75,377
13031,668            -11,788             75,084
13061,709            -11,616             74,779
13091,819            -11,441             74,462
13121,999            -11,263             74,131
13152,248            -11,081             73,787
13182,567            -10,896             73,428
13212,956            -10,708             73,053
13243,415            -10,515             72,662
13273,945            -10,319             72,252
13304,544            -10,119             71,824
13335,214             -9,914             71,375
13365,955             -9,705             70,905
13396,767             -9,492             70,411
13427,650             -9,274             69,892
13458,604             -9,052             69,347
13489,629             -8,824             68,772
13520,726             -8,591             68,166
13551,894             -8,353             67,526
13583,134             -8,109             66,851
13614,447             -7,860             66,135
13645,831             -7,605             65,377
13677,288             -7,344             64,573
13708,818             -7,076             63,719
13740,420             -6,803             62,809
13772,095             -6,522             61,840
13803,843             -6,236             60,806
13835,664             -5,942             59,700
13867,558             -5,642             58,517
13899,526             -5,336             57,248
13931,568             -5,023             55,885
13963,684             -4,704             54,419
13995,873             -4,379             52,841
14028,137             -4,049             51,139
14060,475             -3,714             49,302
14092,888             -3,376             47,317
14125,375             -3,036             45,172
14157,938             -2,696             42,851
14190,575             -2,359             40,343
14223,288             -2,026             37,633
14256,076             -1,702             34,710
14288,940             -1,391             31,566
14321,879             -1,097             28,194
14354,894             -0,826             24,596
14387,986             -0,584             20,779
14421,154             -0,377             16,759
14454,398             -0,210             12,562
14487,719             -0,090              8,223
14521,116             -0,019              3,788
14554,591             -0,001             -0,693
14588,143             -0,035             -5,165
14621,772             -0,122             -9,575
14655,478             -0,257            -13,874
14689,263             -0,437            -18,020
14723,125             -0,655            -21,980
14757,065             -0,907            -25,731
14791,084             -1,186            -29,259
14825,181             -1,485            -32,561
14859,356             -1,801            -35,636
14893,611             -2,128            -38,492
14927,944             -2,463            -41,138
14962,357             -2,801            -43,587
14996,848             -3,141            -45,852
15031,420             -3,481            -47,947
15066,071             -3,818            -49,885
15100,802             -4,151            -51,679
15135,612             -4,480            -53,341
15170,504             -4,803            -54,883
15205,475             -5,120            -56,316
15240,528             -5,431            -57,649
15275,661             -5,736            -58,891
15310,875             -6,034            -60,050
15346,170             -6,325            -61,133
15381,546             -6,610            -62,146
15417,005             -6,888            -63,096
15452,544             -7,159            -63,988
15488,166             -7,425            -64,827
15523,870             -7,684            -65,616
15559,656             -7,938            -66,361
15595,525             -8,185            -67,063
15631,476             -8,427            -67,728
15667,511             -8,663            -68,356
15703,628             -8,895            -68,952
15739,829             -9,121            -69,518
15776,113             -9,342            -70,055
15812,480             -9,558            -70,566
15848,932             -9,770            -71,053
15885,467             -9,978            -71,516
15922,087            -10,181            -71,958
15958,791            -10,380            -72,381
15995,580            -10,575            -72,784
16032,454            -10,766            -73,171
16069,413            -10,954            -73,540
16106,456            -11,138            -73,895
16143,586            -11,318            -74,235
16180,800            -11,496            -74,561
16218,101            -11,669            -74,875
16255,488            -11,840            -75,176
16292,960            -12,008            -75,466
16330,519            -12,173            -75,745
16368,165            -12,335            -76,014
16405,898            -12,494            -76,273
16443,717            -12,651            -76,523
16481,624            -12,805            -76,764
16519,618            -12,956            -76,997
16557,700            -13,105            -77,222
16595,869            -13,252            -77,440
16634,127            -13,397            -77,650
16672,472            -13,539            -77,854
16710,906            -13,679            -78,051
16749,429            -13,817            -78,242
16788,040            -13,953            -78,428
16826,741            -14,087            -78,607
16865,530            -14,219            -78,782
16904,409            -14,350            -78,951
16943,378            -14,478            -79,115
16982,437            -14,605            -79,274
17021,585            -14,730            -79,429
17060,824            -14,853            -79,580
17100,153            -14,975            -79,727
17139,573            -15,095            -79,869
17179,084            -15,214            -80,008
17218,686            -15,331            -80,143
17258,379            -15,446            -80,275
17298,164            -15,560            -80,403
17338,040            -15,673            -80,528
17378,008            -15,785            -80,650
17418,069            -15,895            -80,769
17458,222            -16,004            -80,885
17498,467            -16,111            -80,998
17538,805            -16,217            -81,108
17579,236            -16,323            -81,216
17619,760            -16,426            -81,321
17660,378            -16,529            -81,424
17701,090            -16,631            -81,524
17741,895            -16,731            -81,623
17782,794            -16,831            -81,719
17823,788            -16,929            -81,813
17864,876            -17,026            -81,904
17906,059            -17,123            -81,994
17947,336            -17,218            -82,082
17988,709            -17,312            -82,168
18030,177            -17,406            -82,253
18071,741            -17,498            -82,335
18113,401            -17,590            -82,416
18155,157            -17,681            -82,495
18197,009            -17,770            -82,573
18238,957            -17,859            -82,649
18281,002            -17,947            -82,724
18323,144            -18,035            -82,797
18365,383            -18,121            -82,868
18407,720            -18,207            -82,939
18450,154            -18,292            -83,008
18492,686            -18,376            -83,076
18535,316            -18,459            -83,142
18578,045            -18,542            -83,207
18620,871            -18,624            -83,271
18663,797            -18,705            -83,334
18706,821            -18,786            -83,396
18749,945            -18,865            -83,457
18793,168            -18,945            -83,516
18836,491            -19,023            -83,575
18879,913            -19,101            -83,632
18923,436            -19,178            -83,689
18967,059            -19,255            -83,745
19010,783            -19,331            -83,799
19054,607            -19,406            -83,853
19098,533            -19,481            -83,906
19142,559            -19,555            -83,958
19186,687            -19,629            -84,009
19230,917            -19,702            -84,060
19275,249            -19,774            -84,109
19319,683            -19,846            -84,158
19364,220            -19,917            -84,206
19408,859            -19,988            -84,253
19453,601            -20,059            -84,300
19498,446            -20,128            -84,345
19543,395            -20,198            -84,390
19588,447            -20,267            -84,435
19633,603            -20,335            -84,479
19678,863            -20,403            -84,522
19724,227            -20,470            -84,564
19769,696            -20,537            -84,606
19815,270            -20,603            -84,647
19860,949            -20,669            -84,688
19906,733            -20,735            -84,728
19952,623            -20,800            -84,767
19998,619            -20,865            -84,806
