2015-03-12	09:26
Amplitude: 1,00 V
Freq  (Hz) 	 Gain (dB)  	 Phase (deg)
10000,000            -32,267             88,604
10023,052            -32,211             88,595
10046,158            -32,155             88,586
10069,317            -32,098             88,577
10092,529            -32,041             88,567
10115,795            -31,984             88,558
10139,114            -31,927             88,548
10162,487            -31,869             88,539
10185,914            -31,810             88,529
10209,395            -31,752             88,519
10232,930            -31,693             88,509
10256,519            -31,634             88,499
10280,163            -31,574             88,488
10303,861            -31,514             88,478
10327,614            -31,454             88,467
10351,422            -31,393             88,456
10375,284            -31,332             88,445
10399,202            -31,270             88,434
10423,174            -31,208             88,423
10447,202            -31,146             88,412
10471,285            -31,083             88,400
10495,424            -31,020             88,389
10519,619            -30,956             88,377
10543,869            -30,892             88,365
10568,175            -30,828             88,353
10592,537            -30,763             88,340
10616,956            -30,698             88,328
10641,430            -30,632             88,315
10665,961            -30,566             88,302
10690,549            -30,499             88,289
10715,193            -30,432             88,276
10739,894            -30,365             88,262
10764,652            -30,297             88,249
10789,467            -30,228             88,235
10814,340            -30,159             88,221
10839,269            -30,089             88,206
10864,256            -30,019             88,192
10889,301            -29,949             88,177
10914,403            -29,878             88,162
10939,564            -29,806             88,147
10964,782            -29,734             88,131
10990,058            -29,661             88,116
11015,393            -29,587             88,100
11040,786            -29,514             88,083
11066,238            -29,439             88,067
11091,748            -29,364             88,050
11117,317            -29,288             88,033
11142,945            -29,212             88,016
11168,632            -29,135             87,998
11194,379            -29,057             87,980
11220,185            -28,979             87,962
11246,050            -28,900             87,943
11271,975            -28,820             87,924
11297,959            -28,740             87,905
11324,004            -28,659             87,885
11350,108            -28,577             87,865
11376,273            -28,495             87,845
11402,498            -28,412             87,824
11428,783            -28,328             87,803
11455,129            -28,243             87,781
11481,536            -28,158             87,759
11508,004            -28,071             87,737
11534,533            -27,984             87,714
11561,122            -27,896             87,691
11587,774            -27,808             87,667
11614,486            -27,718             87,643
11641,260            -27,627             87,618
11668,096            -27,536             87,593
11694,994            -27,443             87,567
11721,954            -27,350             87,541
11748,976            -27,256             87,514
11776,060            -27,160             87,487
11803,206            -27,064             87,459
11830,416            -26,967             87,430
11857,687            -26,868             87,401
11885,022            -26,769             87,371
11912,420            -26,668             87,340
11939,881            -26,567             87,309
11967,405            -26,464             87,277
11994,993            -26,360             87,244
12022,644            -26,255             87,210
12050,359            -26,148             87,176
12078,138            -26,040             87,141
12105,981            -25,931             87,104
12133,889            -25,821             87,067
12161,860            -25,709             87,029
12189,896            -25,596             86,990
12217,997            -25,481             86,950
12246,162            -25,365             86,909
12274,392            -25,248             86,867
12302,688            -25,128             86,824
12331,048            -25,008             86,779
12359,474            -24,885             86,733
12387,966            -24,761             86,686
12416,523            -24,635             86,638
12445,146            -24,507             86,588
12473,835            -24,378             86,537
12502,590            -24,246             86,484
12531,412            -24,113             86,429
12560,300            -23,978             86,373
12589,254            -23,840             86,315
12618,275            -23,700             86,255
12647,363            -23,558             86,194
12676,519            -23,414             86,130
12705,741            -23,268             86,064
12735,031            -23,119             85,996
12764,388            -22,967             85,925
12793,813            -22,813             85,852
12823,306            -22,656             85,776
12852,867            -22,496             85,697
12882,496            -22,333             85,616
12912,193            -22,168             85,531
12941,958            -21,999             85,443
12971,793            -21,827             85,352
13001,696            -21,651             85,257
13031,668            -21,472             85,158
13061,709            -21,289             85,054
13091,819            -21,102             84,947
13121,999            -20,911             84,834
13152,248            -20,717             84,717
13182,567            -20,517             84,594
13212,956            -20,313             84,465
13243,415            -20,105             84,330
13273,945            -19,891             84,188
13304,544            -19,672             84,039
13335,214            -19,447             83,882
13365,955            -19,217             83,717
13396,767            -18,980             83,543
13427,650            -18,737             83,359
13458,604            -18,487             83,164
13489,629            -18,230             82,958
13520,726            -17,965             82,738
13551,894            -17,692             82,505
13583,134            -17,410             82,257
13614,447            -17,119             81,991
13645,831            -16,819             81,707
13677,288            -16,507             81,402
13708,818            -16,185             81,075
13740,420            -15,850             80,721
13772,095            -15,503             80,339
13803,843            -15,141             79,924
13835,664            -14,765             79,472
13867,558            -14,372             78,979
13899,526            -13,961             78,438
13931,568            -13,530             77,842
13963,684            -13,079             77,182
13995,873            -12,603             76,448
14028,137            -12,103             75,627
14060,475            -11,573             74,702
14092,888            -11,012             73,654
14125,375            -10,416             72,457
14157,938             -9,781             71,077
14190,575             -9,102             69,472
14223,288             -8,374             67,585
14256,076             -7,592             65,339
14288,940             -6,750             62,632
14321,879             -5,845             59,321
14354,894             -4,874             55,210
14387,986             -3,844             50,032
14421,154             -2,780             43,437
14454,398             -1,734             35,017
14487,719             -0,815             24,438
14521,116             -0,184             11,761
14554,591             -0,006             -2,177
14588,143             -0,337            -15,866
14621,772             -1,077            -27,943
14655,478             -2,050            -37,835
14689,263             -3,110            -45,648
14723,125             -4,167            -51,764
14757,065             -5,180            -56,579
14791,084             -6,131            -60,418
14825,181             -7,017            -63,525
14859,356             -7,840            -66,076
14893,611             -8,605            -68,202
14927,944             -9,317            -69,995
14962,357             -9,982            -71,525
14996,848            -10,604            -72,844
15031,420            -11,189            -73,992
15066,071            -11,740            -75,000
15100,802            -12,260            -75,890
15135,612            -12,753            -76,683
15170,504            -13,220            -77,393
15205,475            -13,665            -78,032
15240,528            -14,090            -78,610
15275,661            -14,495            -79,136
15310,875            -14,883            -79,616
15346,170            -15,255            -80,056
15381,546            -15,612            -80,460
15417,005            -15,955            -80,833
15452,544            -16,286            -81,178
15488,166            -16,605            -81,499
15523,870            -16,913            -81,797
15559,656            -17,210            -82,075
15595,525            -17,498            -82,335
15631,476            -17,777            -82,579
15667,511            -18,048            -82,807
15703,628            -18,310            -83,023
15739,829            -18,565            -83,225
15776,113            -18,813            -83,417
15812,480            -19,054            -83,598
15848,932            -19,289            -83,769
15885,467            -19,517            -83,932
15922,087            -19,740            -84,086
15958,791            -19,957            -84,233
15995,580            -20,170            -84,372
16032,454            -20,377            -84,505
16069,413            -20,579            -84,632
16106,456            -20,777            -84,753
16143,586            -20,971            -84,869
16180,800            -21,160            -84,980
16218,101            -21,346            -85,087
16255,488            -21,527            -85,189
16292,960            -21,705            -85,287
16330,519            -21,880            -85,381
16368,165            -22,051            -85,471
16405,898            -22,219            -85,558
16443,717            -22,384            -85,641
16481,624            -22,546            -85,722
16519,618            -22,705            -85,800
16557,700            -22,861            -85,875
16595,869            -23,014            -85,947
16634,127            -23,165            -86,017
16672,472            -23,313            -86,084
16710,906            -23,459            -86,150
16749,429            -23,603            -86,213
16788,040            -23,744            -86,274
16826,741            -23,883            -86,333
16865,530            -24,020            -86,391
16904,409            -24,154            -86,446
16943,378            -24,287            -86,500
16982,437            -24,418            -86,553
17021,585            -24,547            -86,604
17060,824            -24,674            -86,653
17100,153            -24,800            -86,701
17139,573            -24,923            -86,748
17179,084            -25,045            -86,793
17218,686            -25,165            -86,837
17258,379            -25,284            -86,880
17298,164            -25,401            -86,922
17338,040            -25,517            -86,963
17378,008            -25,631            -87,002
17418,069            -25,744            -87,041
17458,222            -25,855            -87,079
17498,467            -25,965            -87,116
17538,805            -26,074            -87,152
17579,236            -26,181            -87,187
17619,760            -26,287            -87,221
17660,378            -26,392            -87,254
17701,090            -26,496            -87,287
17741,895            -26,598            -87,319
17782,794            -26,700            -87,350
17823,788            -26,800            -87,380
17864,876            -26,899            -87,410
17906,059            -26,997            -87,439
17947,336            -27,094            -87,467
17988,709            -27,190            -87,495
18030,177            -27,285            -87,523
18071,741            -27,379            -87,549
18113,401            -27,472            -87,575
18155,157            -27,564            -87,601
18197,009            -27,655            -87,626
18238,957            -27,746            -87,651
18281,002            -27,835            -87,675
18323,144            -27,924            -87,698
18365,383            -28,011            -87,721
18407,720            -28,098            -87,744
18450,154            -28,184            -87,766
18492,686            -28,269            -87,788
18535,316            -28,354            -87,810
18578,045            -28,438            -87,831
18620,871            -28,521            -87,851
18663,797            -28,603            -87,871
18706,821            -28,684            -87,891
18749,945            -28,765            -87,911
18793,168            -28,845            -87,930
18836,491            -28,925            -87,949
18879,913            -29,003            -87,967
18923,436            -29,081            -87,986
18967,059            -29,159            -88,003
19010,783            -29,235            -88,021
19054,607            -29,312            -88,038
19098,533            -29,387            -88,055
19142,559            -29,462            -88,072
19186,687            -29,536            -88,088
19230,917            -29,610            -88,105
19275,249            -29,683            -88,121
19319,683            -29,756            -88,136
19364,220            -29,828            -88,152
19408,859            -29,900            -88,167
19453,601            -29,971            -88,182
19498,446            -30,041            -88,196
19543,395            -30,111            -88,211
19588,447            -30,180            -88,225
19633,603            -30,249            -88,239
19678,863            -30,318            -88,253
19724,227            -30,386            -88,267
19769,696            -30,453            -88,280
19815,270            -30,520            -88,293
19860,949            -30,586            -88,306
19906,733            -30,652            -88,319
19952,623            -30,718            -88,332
19998,619            -30,783            -88,344
