7.921208744285258970e-04 1.023300000000000000e+04
8.370108728253611513e-04 1.047123199999999997e+04
9.070849059082990639e-04 1.071523899999999958e+04
9.592931563439711408e-04 1.096483300000000054e+04
1.069524603210596572e-03 1.122020199999999932e+04
1.177738120219312375e-03 1.148153100000000086e+04
1.278523637696655623e-03 1.174900699999999961e+04
1.415222859396474391e-03 1.202262900000000081e+04
1.604189058846898714e-03 1.230277100000000064e+04
1.862846113168023813e-03 1.258924599999999919e+04
2.150512425292840264e-03 1.288242599999999948e+04
2.520991936265494591e-03 1.318249899999999980e+04
3.087586206329297200e-03 1.348964899999999943e+04
3.961777547877346449e-03 1.380387700000000041e+04
5.121051389710781603e-03 1.412536900000000060e+04
6.032268132500000907e-03 1.445431300000000010e+04
5.792655845182231346e-03 1.479107899999999972e+04
4.930267284827582856e-03 1.513566799999999967e+04
3.791436604272661014e-03 1.548808100000000013e+04
2.992194871909174738e-03 1.584887500000000000e+04
2.448469898215246531e-03 1.621805099999999948e+04
2.106371010093196355e-03 1.659579599999999846e+04
1.803021344913805337e-03 1.698248099999999977e+04
1.594477299207595076e-03 1.737791999999999825e+04
1.395778039161358914e-03 1.778286000000000058e+04
1.257738746065070398e-03 1.819692599999999948e+04
1.156230588453433829e-03 1.862086400000000140e+04
1.060262951674842413e-03 1.905467399999999907e+04
9.396586419135069491e-04 1.949835599999999977e+04
8.969044427639896603e-04 1.995265499999999884e+04
