7.999006692018723920e-04 1.023300000000000000e+04
8.390465579670413612e-04 1.047123199999999997e+04
9.043489946476872612e-04 1.071523899999999958e+04
9.760814519040710837e-04 1.096483300000000054e+04
1.066930327487607133e-03 1.122020199999999932e+04
1.170539463671199480e-03 1.148153100000000086e+04
1.301925280514756823e-03 1.174900699999999961e+04
1.452232193598711847e-03 1.202262900000000081e+04
1.653430939898151500e-03 1.230277100000000064e+04
1.906716216024199537e-03 1.258924599999999919e+04
2.264571618761443070e-03 1.288242599999999948e+04
2.768764768731680256e-03 1.318249899999999980e+04
3.547203139282234692e-03 1.348964899999999943e+04
4.952632008276146476e-03 1.380387700000000041e+04
8.039629963390809361e-03 1.412536900000000060e+04
1.425233625578114539e-02 1.445431300000000010e+04
1.104551729788800889e-02 1.479107899999999972e+04
6.723355264269534511e-03 1.513566799999999967e+04
4.549210785493877120e-03 1.548808100000000013e+04
3.388332801770361016e-03 1.584887500000000000e+04
2.672305220671980508e-03 1.621805099999999948e+04
2.211240907477035958e-03 1.659579599999999846e+04
1.879040150974946527e-03 1.698248099999999977e+04
1.626432560541609578e-03 1.737791999999999825e+04
1.438752396792719731e-03 1.778286000000000058e+04
1.277573986055841092e-03 1.819692599999999948e+04
1.155010839832875270e-03 1.862086400000000140e+04
1.052776204340581841e-03 1.905467399999999907e+04
9.698086650262172093e-04 1.949835599999999977e+04
8.853929511500044976e-04 1.995265499999999884e+04
