8.173290401702842933e-02 1.023300000000000000e+04
8.886768710385156700e-02 1.047123199999999997e+04
9.388764359464571441e-02 1.071523899999999958e+04
1.016911292296410474e-01 1.096483300000000054e+04
1.097707735776691784e-01 1.122020199999999932e+04
1.232749810711431943e-01 1.148153100000000086e+04
1.385226848367432373e-01 1.174900699999999961e+04
1.543085213702710956e-01 1.202262900000000081e+04
1.699385008121496177e-01 1.230277100000000064e+04
1.966703612882832186e-01 1.258924599999999919e+04
2.390461890692224534e-01 1.288242599999999948e+04
2.785036961655442123e-01 1.318249899999999980e+04
3.529306570534311294e-01 1.348964899999999943e+04
4.476730021011409710e-01 1.380387700000000041e+04
6.059742618694182736e-01 1.412536900000000060e+04
7.602940066090578819e-01 1.445431300000000010e+04
7.116557497100436391e-01 1.479107899999999972e+04
5.377439672938084669e-01 1.513566799999999967e+04
4.024269107403173895e-01 1.548808100000000013e+04
3.210661631700057472e-01 1.584887500000000000e+04
2.565799405545963752e-01 1.621805099999999948e+04
2.212523643703011300e-01 1.659579599999999846e+04
1.848238700767783071e-01 1.698248099999999977e+04
1.628188040507729806e-01 1.737791999999999825e+04
1.413071327224795226e-01 1.778286000000000058e+04
1.305671492996119121e-01 1.819692599999999948e+04
1.175276466151886079e-01 1.862086400000000140e+04
1.076488891182649232e-01 1.905467399999999907e+04
9.939773465082547832e-02 1.949835599999999977e+04
9.293867395203964099e-02 1.995265499999999884e+04
