7.230167506644096919e-04 1.002305199999999968e+04
7.276932710437291956e-04 1.004615799999999945e+04
7.324000394675625946e-04 1.006931699999999910e+04
7.371372515822713052e-04 1.009252900000000045e+04
7.419905241984194695e-04 1.011579500000000007e+04
7.468757505043804651e-04 1.013911399999999958e+04
7.517931408815551773e-04 1.016248699999999917e+04
7.568300353587505440e-04 1.018591400000000067e+04
7.619006762278651874e-04 1.020939500000000044e+04
7.670052895843577608e-04 1.023293000000000029e+04
7.722330045310387293e-04 1.025651900000000023e+04
7.774963502666271424e-04 1.028016300000000047e+04
7.827955696416088148e-04 1.030386100000000079e+04
7.882216493090236226e-04 1.032761399999999958e+04
7.936853407638567223e-04 1.035142200000000048e+04
7.992789198079418896e-04 1.037528399999999965e+04
8.049119201754600852e-04 1.039920199999999932e+04
8.105846196922417927e-04 1.042317400000000089e+04
8.163912832517446205e-04 1.044720199999999932e+04
8.222395431367564896e-04 1.047128499999999985e+04
8.281296973246401278e-04 1.049542400000000089e+04
8.341580763968662552e-04 1.051961900000000060e+04
8.402303391196313262e-04 1.054386900000000060e+04
8.464442498305427710e-04 1.056817499999999927e+04
8.527041154237351584e-04 1.059253700000000026e+04
8.590102757578425624e-04 1.061695600000000013e+04
8.654627075458413629e-04 1.064143000000000029e+04
8.720640008948622865e-04 1.066596099999999933e+04
8.786144853760628022e-04 1.069054900000000089e+04
8.854180252036145983e-04 1.071519299999999930e+04
8.921715271973100925e-04 1.073989400000000023e+04
8.991835621759965234e-04 1.076465200000000004e+04
9.061463783819302068e-04 1.078946700000000055e+04
9.132682489049505359e-04 1.081434000000000015e+04
9.205520702451142415e-04 1.083926900000000023e+04
9.278939841045123456e-04 1.086425599999999940e+04
9.354021397553658086e-04 1.088930099999999948e+04
9.429710484687924780e-04 1.091440300000000025e+04
9.506012018348424875e-04 1.093956400000000031e+04
9.584034293423410091e-04 1.096478199999999924e+04
9.663809473260267331e-04 1.099005800000000090e+04
9.744248682369468497e-04 1.101539300000000003e+04
9.826488699168284876e-04 1.104078600000000006e+04
9.909422809537937315e-04 1.106623799999999937e+04
9.994207430944989073e-04 1.109174799999999959e+04
1.008087800331268448e-03 1.111731699999999910e+04
1.016830018986954187e-03 1.114294499999999971e+04
1.025648050867438831e-03 1.116863199999999961e+04
1.034780793084580331e-03 1.119437900000000081e+04
1.043994856550598156e-03 1.122018499999999949e+04
1.053290965379386369e-03 1.124604999999999927e+04
1.062792201563373317e-03 1.127197500000000036e+04
1.072502613193013644e-03 1.129795900000000074e+04
1.082301745923428633e-03 1.132400400000000081e+04
1.092441925463939626e-03 1.135010800000000017e+04
1.102550166145651158e-03 1.137627299999999923e+04
1.113008187329863393e-03 1.140249799999999959e+04
1.123565406002269545e-03 1.142878299999999945e+04
1.134353352819518230e-03 1.145512900000000081e+04
1.145376739210201980e-03 1.148153600000000006e+04
1.156507248348146279e-03 1.150800400000000081e+04
1.167880370684619331e-03 1.153453299999999945e+04
1.179501123870280036e-03 1.156112199999999939e+04
1.191374661149402622e-03 1.158777399999999943e+04
1.203367724289641826e-03 1.161448600000000079e+04
1.215761423693460623e-03 1.164126000000000022e+04
1.228282768023939396e-03 1.166809599999999955e+04
1.241075947843088209e-03 1.169499400000000060e+04
1.254146755703227679e-03 1.172195399999999972e+04
1.267501141224794316e-03 1.174897600000000057e+04
1.281145215505165823e-03 1.177605999999999949e+04
1.294936162050116602e-03 1.180320600000000013e+04
1.309176976308910672e-03 1.183041599999999926e+04
1.323574401215161242e-03 1.185768699999999990e+04
1.338438310396236446e-03 1.188502200000000084e+04
1.353469143171436668e-03 1.191242000000000007e+04
1.368983958031143831e-03 1.193988099999999940e+04
1.384836045155700326e-03 1.196740500000000065e+04
1.400871690798039578e-03 1.199499300000000039e+04
1.417419355761350558e-03 1.202264400000000023e+04
1.434327612022607504e-03 1.205035900000000038e+04
1.451604677756541430e-03 1.207813800000000083e+04
1.469258997806133704e-03 1.210598099999999977e+04
1.487470491837139877e-03 1.213388899999999921e+04
1.505907717693057016e-03 1.216186000000000058e+04
1.524924559758325396e-03 1.218989600000000064e+04
1.544359340233554794e-03 1.221799699999999939e+04
1.564401987505477766e-03 1.224616200000000026e+04
1.584887204006831278e-03 1.227439199999999983e+04
1.605825533055804102e-03 1.230268800000000010e+04
1.627227814187121339e-03 1.233104800000000068e+04
1.649295063271973439e-03 1.235947400000000016e+04
1.672046530538249132e-03 1.238796600000000035e+04
1.695307014794243368e-03 1.241652299999999923e+04
1.719088990660709625e-03 1.244514600000000064e+04
1.743606016921093191e-03 1.247383499999999913e+04
1.768879948926264717e-03 1.250259000000000015e+04
1.794933482963525151e-03 1.253141200000000026e+04
1.821580460232510900e-03 1.256029999999999927e+04
1.849048739734008694e-03 1.258925400000000081e+04
1.877147325623619665e-03 1.261827499999999964e+04
1.906331214112379560e-03 1.264736299999999937e+04
1.936191722113017903e-03 1.267651900000000023e+04
1.967199290214901794e-03 1.270574099999999999e+04
1.998933558318204649e-03 1.273503100000000086e+04
2.031647504375165472e-03 1.276438800000000083e+04
2.065610150323815737e-03 1.279381300000000010e+04
2.100382344582427726e-03 1.282330600000000049e+04
2.136477674956117814e-03 1.285286700000000019e+04
2.173944032061942214e-03 1.288249599999999919e+04
2.212322106559886422e-03 1.291219299999999930e+04
2.252155427246729791e-03 1.294195800000000054e+04
2.293497964526336214e-03 1.297179299999999967e+04
2.336137275186172743e-03 1.300169599999999991e+04
2.380117288984911691e-03 1.303166799999999967e+04
2.426042245046227449e-03 1.306170900000000074e+04
2.473422795657905307e-03 1.309181899999999951e+04
2.522599812021786986e-03 1.312199899999999980e+04
2.573643325684521477e-03 1.315224799999999959e+04
2.626626726753443410e-03 1.318256699999999910e+04
2.681626934304454004e-03 1.321295600000000013e+04
2.738724576426792689e-03 1.324341500000000087e+04
2.798326331160166849e-03 1.327394499999999971e+04
2.860212886715717776e-03 1.330454399999999987e+04
2.924814714999703080e-03 1.333521399999999994e+04
2.991908854392667880e-03 1.336595499999999993e+04
3.061599364242756534e-03 1.339676699999999983e+04
3.134717143568386318e-03 1.342764999999999964e+04
3.210689879055318198e-03 1.345860399999999936e+04
3.290018643998834751e-03 1.348962900000000081e+04
3.373248679576615599e-03 1.352072600000000057e+04
3.459779005932772569e-03 1.355189400000000023e+04
3.550163536172018953e-03 1.358313400000000001e+04
3.645006935740971801e-03 1.361444700000000012e+04
3.744107926048763271e-03 1.364583100000000013e+04
3.847674800600658831e-03 1.367728800000000047e+04
3.955927821713165968e-03 1.370881799999999930e+04
4.069099963105633072e-03 1.374042000000000007e+04
4.187919827235145852e-03 1.377209499999999935e+04
4.311698244706499948e-03 1.380384300000000076e+04
4.441691171934030596e-03 1.383566400000000067e+04
4.576656934848880726e-03 1.386755800000000090e+04
4.717895954871066493e-03 1.389952599999999984e+04
4.865173796919327817e-03 1.393156799999999930e+04
5.018204540289299478e-03 1.396368399999999929e+04
5.177240728439589518e-03 1.399587299999999959e+04
5.341932044944504472e-03 1.402813700000000063e+04
5.511227756780291698e-03 1.406047500000000036e+04
5.685234188554355236e-03 1.409288800000000083e+04
5.862709281442911313e-03 1.412537500000000000e+04
6.042941069288706307e-03 1.415793800000000010e+04
6.223695826545655278e-03 1.419057500000000073e+04
6.403219050296049368e-03 1.422328800000000047e+04
6.580340382588989630e-03 1.425607599999999911e+04
6.750693014358847763e-03 1.428894000000000051e+04
6.912710336872038806e-03 1.432187900000000081e+04
7.062335726454128937e-03 1.435489400000000023e+04
7.196119372919545024e-03 1.438798600000000079e+04
7.310521505698664747e-03 1.442115400000000045e+04
7.402839933484926978e-03 1.445439799999999923e+04
7.469617427028656803e-03 1.448771899999999914e+04
7.508416562755824107e-03 1.452111599999999999e+04
7.518796992481202590e-03 1.455459100000000035e+04
7.498913758877730033e-03 1.458814300000000003e+04
7.451579839457376717e-03 1.462177200000000084e+04
7.376466238670661285e-03 1.465547799999999916e+04
7.277770546505177296e-03 1.468926300000000083e+04
7.156461826425705025e-03 1.472312500000000000e+04
7.017757532739110973e-03 1.475706500000000051e+04
6.863543002489641033e-03 1.479108400000000074e+04
6.698820782848533689e-03 1.482518100000000049e+04
6.526019378138177979e-03 1.485935599999999977e+04
6.348167232398588267e-03 1.489361100000000079e+04
6.167346641387485423e-03 1.492794399999999951e+04
5.986849751327532991e-03 1.496235699999999997e+04
5.807622231266489597e-03 1.499684799999999996e+04
5.631166376335804483e-03 1.503142000000000007e+04
5.458186350428751409e-03 1.506607099999999991e+04
5.290519982006327421e-03 1.510080199999999968e+04
5.127413695085893293e-03 1.513561199999999917e+04
4.970480324934217764e-03 1.517050400000000081e+04
4.819459766050320296e-03 1.520547500000000036e+04
4.674103867693960718e-03 1.524052800000000025e+04
4.534175845526917242e-03 1.527566100000000006e+04
4.400969502500431257e-03 1.531087500000000000e+04
4.273152173972468923e-03 1.534617000000000007e+04
4.150480320867267446e-03 1.538154600000000028e+04
4.033651367854512552e-03 1.541700499999999920e+04
3.921916644468437067e-03 1.545254399999999987e+04
3.815033527791342107e-03 1.548816599999999926e+04
3.712772674143279862e-03 1.552387000000000080e+04
3.615333446990439976e-03 1.555965600000000086e+04
3.522073048125040975e-03 1.559552499999999964e+04
3.432403680874893028e-03 1.563147600000000057e+04
3.346943330226411547e-03 1.566751100000000042e+04
3.265114074872602860e-03 1.570362800000000061e+04
3.186752674995113350e-03 1.573982899999999972e+04
3.111704579612760424e-03 1.577611299999999937e+04
3.039823436661394200e-03 1.581247999999999956e+04
2.970628607439322263e-03 1.584893200000000070e+04
2.904346037680419906e-03 1.588546700000000055e+04
2.840850365856286471e-03 1.592208699999999953e+04
2.779702764726086489e-03 1.595879099999999926e+04
2.720810901579929792e-03 1.599557999999999993e+04
2.664393460384844540e-03 1.603245399999999972e+04
2.610047187125546717e-03 1.606941300000000047e+04
2.557692671066097521e-03 1.610645600000000013e+04
2.507254151183780765e-03 1.614358599999999933e+04
2.458659339310603677e-03 1.618079999999999927e+04
2.411561595460427494e-03 1.621810100000000057e+04
2.366455591762848740e-03 1.625548799999999937e+04
2.322728019990863164e-03 1.629295999999999913e+04
2.280596004025231723e-03 1.633051900000000023e+04
2.239743882365539344e-03 1.636816500000000087e+04
2.200383395547074461e-03 1.640589800000000105e+04
2.162212426849547623e-03 1.644371700000000055e+04
2.125192913288548226e-03 1.648162399999999980e+04
2.089528788578271477e-03 1.651961799999999857e+04
2.054936276823060397e-03 1.655770000000000073e+04
2.021381836890657514e-03 1.659586899999999878e+04
1.989062176484247563e-03 1.663412700000000041e+04
1.957484622483004165e-03 1.667247200000000157e+04
1.926852004068596970e-03 1.671090599999999904e+04
1.897135535897384942e-03 1.674942900000000009e+04
1.868307507859400191e-03 1.678804000000000087e+04
1.840341243165523853e-03 1.682674100000000180e+04
1.813211058257129275e-03 1.686552999999999884e+04
1.786686512727537514e-03 1.690440899999999965e+04
1.761158158774154062e-03 1.694337800000000061e+04
1.735994556471900712e-03 1.698243700000000172e+04
1.711781620549551958e-03 1.702158499999999913e+04
1.688100735261045728e-03 1.706082400000000052e+04
1.664939124866931944e-03 1.710015299999999843e+04
1.642473453632240041e-03 1.713957300000000032e+04
1.620684053772200508e-03 1.717908399999999892e+04
1.599183716694399689e-03 1.721868600000000151e+04
1.578513712810777989e-03 1.725837900000000081e+04
1.558110875892457226e-03 1.729816400000000067e+04
1.538325924570901719e-03 1.733804000000000087e+04
1.518967070796061912e-03 1.737800800000000163e+04
1.500197229299909561e-03 1.741806899999999951e+04
1.481829918461370589e-03 1.745822200000000157e+04
1.463856006409506747e-03 1.749846700000000055e+04
1.446266607615788284e-03 1.753880500000000029e+04
1.429053075838535112e-03 1.757923600000000079e+04
1.412369592988068061e-03 1.761975999999999840e+04
1.395880881489853067e-03 1.766037800000000061e+04
1.379902365169249565e-03 1.770109000000000015e+04
1.364106753412490944e-03 1.774189500000000044e+04
1.348802490025717993e-03 1.778279400000000169e+04
1.333823482357433983e-03 1.782378800000000047e+04
1.319162688218908320e-03 1.786487600000000020e+04
1.304663039005191398e-03 1.790605900000000111e+04
1.290619905487441332e-03 1.794733599999999933e+04
1.276874926662965653e-03 1.798870899999999892e+04
1.263276330551232896e-03 1.803017699999999968e+04
1.250110373604162604e-03 1.807174100000000180e+04
1.237081633209116335e-03 1.811340100000000166e+04
1.224329627328964295e-03 1.815515699999999924e+04
1.211848582054303155e-03 1.819700899999999820e+04
1.199632875778920259e-03 1.823895699999999852e+04
1.187677035071279261e-03 1.828100200000000041e+04
1.175840349256699561e-03 1.832314400000000023e+04
1.164389710581765136e-03 1.836538300000000163e+04
1.153050581199862841e-03 1.840772000000000116e+04
1.141953339873543393e-03 1.845015399999999863e+04
1.130962901116913622e-03 1.849268600000000151e+04
1.120336174276014181e-03 1.853531599999999889e+04
1.109809298034316856e-03 1.857804499999999825e+04
1.099381334177983649e-03 1.862087099999999919e+04
1.089302145522377026e-03 1.866379699999999866e+04
1.079315363423801648e-03 1.870682099999999991e+04
1.069543269325272643e-03 1.874994499999999971e+04
1.059859651520426603e-03 1.879316800000000148e+04
1.050384631985882807e-03 1.883649100000000180e+04
1.041114173801035948e-03 1.887991300000000047e+04
1.031925534592151739e-03 1.892343600000000151e+04
1.022935755295323237e-03 1.896705900000000111e+04
1.014141042436216087e-03 1.901078299999999945e+04
1.005421942316104319e-03 1.905460699999999997e+04
9.967778048527858870e-04 1.909853299999999945e+04
9.884355550496880336e-04 1.914255900000000111e+04
9.801631233459086150e-04 1.918668700000000172e+04
9.719599254186194436e-04 1.923091700000000128e+04
9.639363527210163297e-04 1.927524899999999980e+04
9.559790149752358168e-04 1.931968300000000090e+04
9.481965242840774150e-04 1.936422000000000116e+04
9.405856724489672447e-04 1.940885900000000038e+04
9.330359103396387681e-04 1.945360099999999875e+04
9.256533112509620926e-04 1.949844599999999991e+04
9.183291266013222627e-04 1.954339500000000044e+04
9.110628941894483154e-04 1.958844700000000012e+04
9.039582215168520153e-04 1.963360299999999916e+04
8.970122190779264643e-04 1.967886300000000119e+04
8.901195896254211672e-04 1.972422699999999895e+04
8.832799230420487714e-04 1.976969599999999991e+04
8.765937281351172516e-04 1.981527000000000044e+04
8.699581459514774606e-04 1.986094900000000052e+04
8.634721985545256882e-04 1.990673300000000017e+04
8.570346069478288094e-04 1.995262299999999959e+04
8.507429503800144127e-04 1.999861899999999878e+04
