2.253720214145981393e-01 1.002305199999999968e+04
2.267775191567259485e-01 1.004615799999999945e+04
2.281655120305319806e-01 1.006931699999999910e+04
2.295884309446788452e-01 1.009252900000000045e+04
2.310202236724806513e-01 1.011579500000000007e+04
2.324877101501644505e-01 1.013911399999999958e+04
2.339645183942631879e-01 1.016248699999999917e+04
2.354507076184938208e-01 1.018591400000000067e+04
2.369463374127108168e-01 1.020939500000000044e+04
2.384789220654141284e-01 1.023293000000000029e+04
2.400214195774735271e-01 1.025651900000000023e+04
2.415738940659218903e-01 1.028016300000000047e+04
2.431644037875914655e-01 1.030386100000000079e+04
2.447372073067254072e-01 1.032761399999999958e+04
2.463769076721770424e-01 1.035142200000000048e+04
2.479990401810007461e-01 1.037528399999999965e+04
2.496605943079414081e-01 1.039920199999999932e+04
2.513332805832756423e-01 1.042317400000000089e+04
2.530171735906271424e-01 1.044720199999999932e+04
2.547416749442794615e-01 1.047128499999999985e+04
2.564779300649845939e-01 1.049542400000000089e+04
2.582260190634596553e-01 1.051961900000000060e+04
2.600159563165271859e-01 1.054386900000000060e+04
2.618183008218984975e-01 1.056817499999999927e+04
2.636634922165460027e-01 1.059253700000000026e+04
2.654911202329014452e-01 1.061695600000000013e+04
2.673929791823263513e-01 1.064143000000000029e+04
2.692774586958956440e-01 1.066596099999999933e+04
2.712064412707176353e-01 1.069054900000000089e+04
2.731492422089182859e-01 1.071519299999999930e+04
2.751376350665181159e-01 1.073989400000000023e+04
2.771405024513917126e-01 1.076465200000000004e+04
2.791579497310165969e-01 1.078946700000000055e+04
2.812224581081922414e-01 1.081434000000000015e+04
2.833022345257141250e-01 1.083926900000000023e+04
2.853973918981424496e-01 1.086425599999999940e+04
2.875411464674004769e-01 1.088930099999999948e+04
2.897010037894646173e-01 1.091440300000000025e+04
2.919106903453913548e-01 1.093956400000000031e+04
2.941372312256442800e-01 1.096478199999999924e+04
2.964148790458404070e-01 1.099005800000000090e+04
2.986757755033489503e-01 1.101539300000000003e+04
3.010232220663378033e-01 1.104078600000000006e+04
3.033891184194270618e-01 1.106623799999999937e+04
3.057736095690078426e-01 1.109174799999999959e+04
3.082123238737131676e-01 1.111731699999999910e+04
3.106704882789956268e-01 1.114294499999999971e+04
3.131482579102063402e-01 1.116863199999999961e+04
3.156821312863254403e-01 1.119437900000000081e+04
3.182731482170781390e-01 1.122018499999999949e+04
3.208854313775920675e-01 1.124604999999999927e+04
3.235191553142095500e-01 1.127197500000000036e+04
3.262120503942667060e-01 1.129795900000000074e+04
3.289273604806475793e-01 1.132400400000000081e+04
3.317034587241645127e-01 1.135010800000000017e+04
3.345415001225261475e-01 1.137627299999999923e+04
3.374038236884894792e-01 1.140249799999999959e+04
3.402906371793000262e-01 1.142878299999999945e+04
3.432416650121202228e-01 1.145512900000000081e+04
3.462182843961576495e-01 1.148153600000000006e+04
3.492609250987982472e-01 1.150800400000000081e+04
3.523708710424871549e-01 1.153453299999999945e+04
3.555085090727440056e-01 1.156112199999999939e+04
3.587153820272657723e-01 1.158777399999999943e+04
3.619511826554829836e-01 1.161448600000000079e+04
3.652161719001638107e-01 1.164126000000000022e+04
3.685954755321187992e-01 1.166809599999999955e+04
3.720060474755988444e-01 1.169499400000000060e+04
3.754481770527282047e-01 1.172195399999999972e+04
3.789657837994713785e-01 1.174897600000000057e+04
3.825603886680383758e-01 1.177605999999999949e+04
3.861890894489898307e-01 1.180320600000000013e+04
3.898970955304524311e-01 1.183041599999999926e+04
3.936407041430993181e-01 1.185768699999999990e+04
3.974660144576365184e-01 1.188502200000000084e+04
4.013747055734713798e-01 1.191242000000000007e+04
4.053218348593216613e-01 1.193988099999999940e+04
4.093549063295595092e-01 1.196740500000000065e+04
4.134757084571125674e-01 1.199499300000000039e+04
4.176379929509738687e-01 1.202264400000000023e+04
4.218907465677975144e-01 1.205035900000000038e+04
4.262358748180176127e-01 1.207813800000000083e+04
4.306257543211733374e-01 1.210598099999999977e+04
4.351109370927678244e-01 1.213388899999999921e+04
4.396934539536164199e-01 1.216186000000000058e+04
4.443242331287159397e-01 1.218989600000000064e+04
4.490554793555168733e-01 1.221799699999999939e+04
4.538893576985486011e-01 1.224616200000000026e+04
4.587752705471357384e-01 1.227439199999999983e+04
4.637671681240617683e-01 1.230268800000000010e+04
4.688673593876416801e-01 1.233104800000000068e+04
4.740782161649336746e-01 1.235947400000000016e+04
4.793469849034868724e-01 1.238796600000000035e+04
4.847301126243661606e-01 1.241652299999999923e+04
4.901736935554918406e-01 1.244514600000000064e+04
4.957925539063029463e-01 1.247383499999999913e+04
5.014758232453094822e-01 1.250259000000000015e+04
5.072826396030235552e-01 1.253141200000000026e+04
5.131566957251473271e-01 1.256029999999999927e+04
5.192183108825656479e-01 1.258925400000000081e+04
5.253515282983636236e-01 1.261827499999999964e+04
5.315571937674776759e-01 1.264736299999999937e+04
5.379600186877311341e-01 1.267651900000000023e+04
5.444399682663281226e-01 1.270574099999999999e+04
5.510614111390657044e-01 1.273503100000000086e+04
5.577633835619327796e-01 1.276438800000000083e+04
5.646768716165366797e-01 1.279381300000000010e+04
5.716102396416139486e-01 1.282330600000000049e+04
5.787619883491206263e-01 1.285286700000000019e+04
5.860032167510558221e-01 1.288249599999999919e+04
5.934033585338245320e-01 1.291219299999999930e+04
6.008969504834859032e-01 1.294195800000000054e+04
6.085552311808156700e-01 1.297179299999999967e+04
6.163820742659368301e-01 1.300169599999999991e+04
6.243095811356091929e-01 1.303166799999999967e+04
6.323390464622070661e-01 1.306170900000000074e+04
6.405455228529861600e-01 1.309181899999999951e+04
6.488585026379954934e-01 1.312199899999999980e+04
6.573550444548965643e-01 1.315224799999999959e+04
6.659628450786914122e-01 1.318256699999999910e+04
6.746833613988272305e-01 1.321295600000000013e+04
6.835967668381046636e-01 1.324341500000000087e+04
6.926279294373632878e-01 1.327394499999999971e+04
7.016976143410710298e-01 1.330454399999999987e+04
7.109679116245671837e-01 1.333521399999999994e+04
7.203606810527137805e-01 1.336595499999999993e+04
7.297935152144485738e-01 1.339676699999999983e+04
7.394349942551872168e-01 1.342764999999999964e+04
7.491175988970721900e-01 1.345860399999999936e+04
7.589269933627814657e-01 1.348962900000000081e+04
7.687763241738417852e-01 1.352072600000000057e+04
7.786638271457405613e-01 1.355189400000000023e+04
7.886784967745006369e-01 1.358313400000000001e+04
7.986380542143218797e-01 1.361444700000000012e+04
8.087233825288440148e-01 1.364583100000000013e+04
8.187475246818959329e-01 1.367728800000000047e+04
8.288004915972747577e-01 1.370881799999999930e+04
8.388803083408603589e-01 1.374042000000000007e+04
8.488872291355399335e-01 1.377209499999999935e+04
8.588157491027289536e-01 1.380384300000000076e+04
8.686603528110248273e-01 1.383566400000000067e+04
8.783143937588143713e-01 1.386755800000000090e+04
8.878712634844972973e-01 1.389952599999999984e+04
8.972221776728785958e-01 1.393156799999999930e+04
9.064628293407480664e-01 1.396368399999999929e+04
9.153770083623520293e-01 1.399587299999999959e+04
9.240596356376806764e-01 1.402813700000000063e+04
9.323951375406331898e-01 1.406047500000000036e+04
9.404809433238199290e-01 1.409288800000000083e+04
9.480909477317605027e-01 1.412537500000000000e+04
9.553224857436940498e-01 1.415793800000000010e+04
9.621659862626745774e-01 1.419057500000000073e+04
9.685008361475424543e-01 1.422328800000000047e+04
9.743163713004516779e-01 1.425607599999999911e+04
9.797155472803863452e-01 1.428894000000000051e+04
9.844643639803783985e-01 1.432187900000000081e+04
9.885530946569388577e-01 1.435489400000000023e+04
9.920875509646897017e-01 1.438798600000000079e+04
9.949471217509924248e-01 1.442115400000000045e+04
9.972407117415494904e-01 1.445439799999999923e+04
9.988493699365051937e-01 1.448771899999999914e+04
9.997697679981565333e-01 1.452111599999999999e+04
1.000000000000000000e+00 1.455459100000000035e+04
9.995395890030878139e-01 1.458814300000000003e+04
9.983894887023275766e-01 1.462177200000000084e+04
9.966668190377493408e-01 1.465547799999999916e+04
9.941456121207936647e-01 1.468926300000000083e+04
9.910601186478310565e-01 1.472312500000000000e+04
9.873019618644129913e-01 1.475706500000000051e+04
9.829920376262460957e-01 1.479108400000000074e+04
9.781377043229859680e-01 1.482518100000000049e+04
9.726352385606400475e-01 1.485935599999999977e+04
9.666071426682683043e-01 1.489361100000000079e+04
9.601741287139324843e-01 1.492794399999999951e+04
9.531253049976038394e-01 1.496235699999999997e+04
9.458015033710133190e-01 1.499684799999999996e+04
9.379938696184887403e-01 1.503142000000000007e+04
9.298223905853809645e-01 1.506607099999999991e+04
9.214038020952701746e-01 1.510080199999999968e+04
9.126410517675104250e-01 1.513561199999999917e+04
9.036494737223014218e-01 1.517050400000000081e+04
8.943345319325584075e-01 1.520547500000000036e+04
8.849118278921213054e-01 1.524052800000000025e+04
8.752860361126544309e-01 1.527566100000000006e+04
8.655656238626567855e-01 1.531087500000000000e+04
8.557560929880440037e-01 1.534617000000000007e+04
8.457655668536863125e-01 1.538154600000000028e+04
8.357954450897026044e-01 1.541700499999999920e+04
8.257526954413169085e-01 1.545254399999999987e+04
8.156427871327872614e-01 1.548816599999999926e+04
8.056566571014236455e-01 1.552387000000000080e+04
7.956095729300216579e-01 1.555965600000000086e+04
7.855973322609896003e-01 1.559552499999999964e+04
7.756217873767241588e-01 1.563147600000000057e+04
7.656847545520610865e-01 1.566751100000000042e+04
7.558750320002211032e-01 1.570362800000000061e+04
7.461050851930630667e-01 1.573982899999999972e+04
7.364614183350682852e-01 1.577611299999999937e+04
7.268587116950581128e-01 1.581247999999999956e+04
7.174638108861396413e-01 1.584893200000000070e+04
7.081088136938376021e-01 1.588546700000000055e+04
6.988757961347101810e-01 1.592208699999999953e+04
6.897631677186052412e-01 1.595879099999999926e+04
6.808477396744816446e-01 1.599557999999999993e+04
6.719701787489024136e-01 1.603245399999999972e+04
6.632847312550217422e-01 1.606941300000000047e+04
6.547115461807464509e-01 1.610645600000000013e+04
6.463235789640339179e-01 1.614358599999999933e+04
6.379696226625790612e-01 1.618079999999999927e+04
6.298686600646635769e-01 1.621810100000000057e+04
6.217989724254624484e-01 1.625548799999999937e+04
6.139033453609349378e-01 1.629295999999999913e+04
6.061777620466953787e-01 1.633051900000000023e+04
5.985494002869499175e-01 1.636816500000000087e+04
5.910850838781944727e-01 1.640589800000000105e+04
5.837810589599194966e-01 1.644371700000000055e+04
5.765672897111949746e-01 1.648162399999999980e+04
5.694426608447682447e-01 1.651961799999999857e+04
5.625355845487043371e-01 1.655770000000000073e+04
5.557122878958600243e-01 1.659586899999999878e+04
5.489717546778838386e-01 1.663412700000000041e+04
5.424378675686873930e-01 1.667247200000000157e+04
5.359817470848081689e-01 1.671090599999999904e+04
5.296634438916578702e-01 1.674942900000000009e+04
5.234196226290166454e-01 1.678804000000000087e+04
5.173089592496279421e-01 1.682674100000000180e+04
5.113285003019644170e-01 1.686552999999999884e+04
5.054753713597984754e-01 1.690440899999999965e+04
4.996892426305941104e-01 1.694337800000000061e+04
4.940262207658597804e-01 1.698243700000000172e+04
4.884836139400678956e-01 1.702158499999999913e+04
4.830588020397726390e-01 1.706082400000000052e+04
4.776942349118992182e-01 1.710015299999999843e+04
4.724436324657450559e-01 1.713957300000000032e+04
4.673045396315100297e-01 1.717908399999999892e+04
4.622213482283537567e-01 1.721868600000000151e+04
4.572460895493966615e-01 1.725837900000000081e+04
4.523764623324996181e-01 1.729816400000000067e+04
4.475586961807347386e-01 1.733804000000000087e+04
4.428942071986358142e-01 1.737800800000000163e+04
4.382783318568254094e-01 1.741806899999999951e+04
4.337105635004414039e-01 1.745822200000000157e+04
4.292398159704707838e-01 1.749846700000000055e+04
4.248640649821504023e-01 1.753880500000000029e+04
4.205813396469529342e-01 1.757923600000000079e+04
4.163417851464024100e-01 1.761975999999999840e+04
4.121924189830973306e-01 1.766037800000000061e+04
4.081313915969721484e-01 1.770109000000000015e+04
4.041103745134903558e-01 1.774189500000000044e+04
4.001750427430918466e-01 1.778279400000000169e+04
3.962780342554395041e-01 1.782378800000000047e+04
3.924641573534600192e-01 1.786487600000000020e+04
3.887317379563806630e-01 1.790605900000000111e+04
3.850791460017102263e-01 1.794733599999999933e+04
3.814169596669386153e-01 1.798870899999999892e+04
3.778766008060535087e-01 1.803017699999999968e+04
3.743691039890449934e-01 1.807174100000000180e+04
3.709368674132282329e-01 1.811340100000000166e+04
3.675360977714795530e-01 1.815515699999999924e+04
3.642084352052434304e-01 1.819700899999999820e+04
3.609524550070493665e-01 1.823895699999999852e+04
3.577255828855123165e-01 1.828100200000000041e+04
3.545275586178803784e-01 1.832314400000000023e+04
3.513985782353996057e-01 1.836538300000000163e+04
3.483373150360117854e-01 1.840772000000000116e+04
3.453027205056407034e-01 1.845015399999999863e+04
3.423339727024720114e-01 1.849268600000000151e+04
3.393907487744293183e-01 1.853531599999999889e+04
3.365115693754907045e-01 1.857804499999999825e+04
3.336568151385261305e-01 1.862087099999999919e+04
3.308643688311942443e-01 1.866379699999999866e+04
3.280952931131190242e-01 1.870682099999999991e+04
3.253868517801075666e-01 1.874994499999999971e+04
3.227007687515532908e-01 1.879316800000000148e+04
3.200737071848266391e-01 1.883649100000000180e+04
3.174680321567874275e-01 1.887991300000000047e+04
3.149198239602284954e-01 1.892343600000000151e+04
3.123920693664115622e-01 1.896705900000000111e+04
3.098846042012060042e-01 1.901078299999999945e+04
3.074326580636366768e-01 1.905460699999999997e+04
3.050352292820027178e-01 1.909853299999999945e+04
3.026564961874152471e-01 1.914255900000000111e+04
3.002963129867157743e-01 1.918668700000000172e+04
2.979888402819418358e-01 1.923091700000000128e+04
2.956990981654337158e-01 1.927524899999999980e+04
2.934607343664144552e-01 1.931968300000000090e+04
2.912393143880826485e-01 1.936422000000000116e+04
2.890347099702065270e-01 1.940885900000000038e+04
2.868798201821356475e-01 1.945360099999999875e+04
2.847409961115670018e-01 1.949844599999999991e+04
2.826506574673769423e-01 1.954339500000000044e+04
2.805756644028788438e-01 1.958844700000000012e+04
2.785159042632083803e-01 1.963360299999999916e+04
2.765030969835680086e-01 1.967886300000000119e+04
2.745048360658515207e-01 1.972422699999999895e+04
2.725523933325802450e-01 1.976969599999999991e+04
2.706138375409066210e-01 1.981527000000000044e+04
2.686890699185881526e-01 1.986094900000000052e+04
2.668087081154361662e-01 1.990673300000000017e+04
2.649415056138957336e-01 1.995262299999999959e+04
2.630873703214669512e-01 1.999861899999999878e+04
