7.687763241738419795e-02 1.002305199999999968e+04
7.737488205148096432e-02 1.004615799999999945e+04
7.788431417613904395e-02 1.006931699999999910e+04
7.838807509473372237e-02 1.009252900000000045e+04
7.890417802871679820e-02 1.011579500000000007e+04
7.942367895707777570e-02 1.013911399999999958e+04
7.995580497438663226e-02 1.016248699999999917e+04
8.049149615138107006e-02 1.018591400000000067e+04
8.103077637406398692e-02 1.020939500000000044e+04
8.158306174490076446e-02 1.023293000000000029e+04
8.213911135377757744e-02 1.025651900000000023e+04
8.269895085679317137e-02 1.028016300000000047e+04
8.327219259852411404e-02 1.030386100000000079e+04
8.384940786218071651e-02 1.032761399999999958e+04
8.443062419090124893e-02 1.035142200000000048e+04
8.502565769586523103e-02 1.037528399999999965e+04
8.562488476063553899e-02 1.039920199999999932e+04
8.622833493975608221e-02 1.042317400000000089e+04
8.684603593990751491e-02 1.044720199999999932e+04
8.747823259612848290e-02 1.047128499999999985e+04
8.810488730080137665e-02 1.049542400000000089e+04
8.874624777909467799e-02 1.051961900000000060e+04
8.940256930660049617e-02 1.054386900000000060e+04
9.006374464999425400e-02 1.056817499999999927e+04
9.072980970559768599e-02 1.059253700000000026e+04
9.141132414702499154e-02 1.061695600000000013e+04
9.209795776521889632e-02 1.064143000000000029e+04
9.280043244235190725e-02 1.066596099999999933e+04
9.350826522604875624e-02 1.069054900000000089e+04
9.423234526030684066e-02 1.071519299999999930e+04
9.496203219888225966e-02 1.073989400000000023e+04
9.569736945876573808e-02 1.076465200000000004e+04
9.644950431350737818e-02 1.078946700000000055e+04
9.721874266008222187e-02 1.081434000000000015e+04
9.799411610955943708e-02 1.083926900000000023e+04
9.877567359279082471e-02 1.086425599999999940e+04
9.957492775819887232e-02 1.088930099999999948e+04
1.003922065907025402e-01 1.091440300000000025e+04
1.012161933837852495e-01 1.093956400000000031e+04
1.020469431942198912e-01 1.096478199999999924e+04
1.028963572296754114e-01 1.099005800000000090e+04
1.037647872567555168e-01 1.101539300000000003e+04
1.046405467047425986e-01 1.104078600000000006e+04
1.055358469968695062e-01 1.106623799999999937e+04
1.064388074421428604e-01 1.109174799999999959e+04
1.073618533591789159e-01 1.111731699999999910e+04
1.083053724038513244e-01 1.114294499999999971e+04
1.092571832966969941e-01 1.116863199999999961e+04
1.102300488811202295e-01 1.119437900000000081e+04
1.112115772135366942e-01 1.122018499999999949e+04
1.122147638886630272e-01 1.124604999999999927e+04
1.132400363235556845e-01 1.127197500000000036e+04
1.142746763632921797e-01 1.129795900000000074e+04
1.153320469251317426e-01 1.132400400000000081e+04
1.164126029410491453e-01 1.135010800000000017e+04
1.175032827806102020e-01 1.137627299999999923e+04
1.186178368918576059e-01 1.140249799999999959e+04
1.197567495970106449e-01 1.142878299999999945e+04
1.209205182943208223e-01 1.145512900000000081e+04
1.220955962296105118e-01 1.148153600000000006e+04
1.232962874960485955e-01 1.150800400000000081e+04
1.245231218205778007e-01 1.153453299999999945e+04
1.257766432451253857e-01 1.156112199999999939e+04
1.270574105208541194e-01 1.158777399999999943e+04
1.283512196839497188e-01 1.161448600000000079e+04
1.296731318499216579e-01 1.164126000000000022e+04
1.310237424231995851e-01 1.166809599999999955e+04
1.324036629391892039e-01 1.169499400000000060e+04
1.338135215154019897e-01 1.172195399999999972e+04
1.352539633169060063e-01 1.174897600000000057e+04
1.367256510365733313e-01 1.177605999999999949e+04
1.382133520743802357e-01 1.180320600000000013e+04
1.397494154576570391e-01 1.183041599999999926e+04
1.413025502069200634e-01 1.185768699999999990e+04
1.429058475477695545e-01 1.188502200000000084e+04
1.445439770745927111e-01 1.191242000000000007e+04
1.462177174456718298e-01 1.193988099999999940e+04
1.479108388168207111e-01 1.196740500000000065e+04
1.496580216753655712e-01 1.199499300000000039e+04
1.514607140703405908e-01 1.202264400000000023e+04
1.532851206362935703e-01 1.205035900000000038e+04
1.551493641317994443e-01 1.207813800000000083e+04
1.570724435364651006e-01 1.210598099999999977e+04
1.590376683822466164e-01 1.213388899999999921e+04
1.610460213420726594e-01 1.216186000000000058e+04
1.631172909227838475e-01 1.218989600000000064e+04
1.652151998308141745e-01 1.221799699999999939e+04
1.673978978860471423e-01 1.224616200000000026e+04
1.696094320944016298e-01 1.227439199999999983e+04
1.718897579403536879e-01 1.230268800000000010e+04
1.742408576077237037e-01 1.233104800000000068e+04
1.766444512742478268e-01 1.235947400000000016e+04
1.791224414202741144e-01 1.238796600000000035e+04
1.816561058458632805e-01 1.241652299999999923e+04
1.842680330344965978e-01 1.244514600000000064e+04
1.869390365137483523e-01 1.247383499999999913e+04
1.896924300120804430e-01 1.250259000000000015e+04
1.925307045077682966e-01 1.253141200000000026e+04
1.954564470372903706e-01 1.256029999999999927e+04
1.984723445336568359e-01 1.258925400000000081e+04
2.015811878385240508e-01 1.261827499999999964e+04
2.047623004082063658e-01 1.264736299999999937e+04
2.080654643382285340e-01 1.267651900000000023e+04
2.114706012165167848e-01 1.270574099999999999e+04
2.149809610389358805e-01 1.273503100000000086e+04
2.185999206659386684e-01 1.276438800000000083e+04
2.223309890651402887e-01 1.279381300000000010e+04
2.262038539769620771e-01 1.282330600000000049e+04
2.302236844540100080e-01 1.285286700000000019e+04
2.343419287179818455e-01 1.288249599999999919e+04
2.386437143793924964e-01 1.291219299999999930e+04
2.430804322800956263e-01 1.294195800000000054e+04
2.476851675793545760e-01 1.297179299999999967e+04
2.524643145948248235e-01 1.300169599999999991e+04
2.573949369942195586e-01 1.303166799999999967e+04
2.625427318993699966e-01 1.306170900000000074e+04
2.678859891921879233e-01 1.309181899999999951e+04
2.734324161087557381e-01 1.312199899999999980e+04
2.792222356252838655e-01 1.315224799999999959e+04
2.852331512299010607e-01 1.318256699999999910e+04
2.914741201472475507e-01 1.321295600000000013e+04
2.980231494899763245e-01 1.324341500000000087e+04
3.048245911706700673e-01 1.327394499999999971e+04
3.119248680197925228e-01 1.330454399999999987e+04
3.193743252977171432e-01 1.333521399999999994e+04
3.271523166525624471e-01 1.336595499999999993e+04
3.352740958484162204e-01 1.339676699999999983e+04
3.437953513094914593e-01 1.342764999999999964e+04
3.526955661130867781e-01 1.345860399999999936e+04
3.620762177566731466e-01 1.348962900000000081e+04
3.719203997785906490e-01 1.352072600000000057e+04
3.822522056209731733e-01 1.355189400000000023e+04
3.931425045055803591e-01 1.358313400000000001e+04
4.045758916974426800e-01 1.361444700000000012e+04
4.166294832187767416e-01 1.364583100000000013e+04
4.293386634704303151e-01 1.367728800000000047e+04
4.427922387787076031e-01 1.370881799999999930e+04
4.569303442076416699e-01 1.374042000000000007e+04
4.719543572446041058e-01 1.377209499999999935e+04
4.877530569745949784e-01 1.380384300000000076e+04
5.045451083827373617e-01 1.383566400000000067e+04
5.222759166787711571e-01 1.386755800000000090e+04
5.410034068634677062e-01 1.389952599999999984e+04
5.608542303871740797e-01 1.393156799999999930e+04
5.818352110480717876e-01 1.396368399999999929e+04
6.040181655346729128e-01 1.399587299999999959e+04
6.274079248328788827e-01 1.402813700000000063e+04
6.520786785135785912e-01 1.406047500000000036e+04
6.779536449241948537e-01 1.409288800000000083e+04
7.050176668539838154e-01 1.412537500000000000e+04
7.331620890272112501e-01 1.415793800000000010e+04
7.621667526645958812e-01 1.419057500000000073e+04
7.919540789912783429e-01 1.422328800000000047e+04
8.220533433757728492e-01 1.425607599999999911e+04
8.520204132572317679e-01 1.428894000000000051e+04
8.813532290655956558e-01 1.432187900000000081e+04
9.092849438530645756e-01 1.435489400000000023e+04
9.349750030886003760e-01 1.438798600000000079e+04
9.575247315145041238e-01 1.442115400000000045e+04
9.761127824302128220e-01 1.445439799999999923e+04
9.896918638691029058e-01 1.448771899999999914e+04
9.978149348996490087e-01 1.452111599999999999e+04
9.998848773724685612e-01 1.455459100000000035e+04
9.959785837251127205e-01 1.458814300000000003e+04
9.860524125308565146e-01 1.462177200000000084e+04
9.708452274070128452e-01 1.465547799999999916e+04
9.509331776269999148e-01 1.468926300000000083e+04
9.273635031037482657e-01 1.472312500000000000e+04
9.008448498130652293e-01 1.475706500000000051e+04
8.723685493605598529e-01 1.479108400000000074e+04
8.428494349544025654e-01 1.482518100000000049e+04
8.127369409793407939e-01 1.485935599999999977e+04
7.827084095906116090e-01 1.489361100000000079e+04
7.530954088698403881e-01 1.492794399999999951e+04
7.243525611037879841e-01 1.496235699999999997e+04
6.965463166360562619e-01 1.499684799999999996e+04
6.698074905401475432e-01 1.503142000000000007e+04
6.443176080479010581e-01 1.506607099999999991e+04
6.200832498217322408e-01 1.510080199999999968e+04
5.970352865838368661e-01 1.513561199999999917e+04
5.752412217428558572e-01 1.517050400000000081e+04
5.546257129579107437e-01 1.520547500000000036e+04
5.351185424257818291e-01 1.524052800000000025e+04
5.166542425669501393e-01 1.527566100000000006e+04
4.992292237091717766e-01 1.531087500000000000e+04
4.827808110605306124e-01 1.534617000000000007e+04
4.671969511718800927e-01 1.538154600000000028e+04
4.524806378555484843e-01 1.541700499999999920e+04
4.385811883937794087e-01 1.545254399999999987e+04
4.253534894947755274e-01 1.548816599999999926e+04
4.128573303779979886e-01 1.552387000000000080e+04
4.009590312277195867e-01 1.555965600000000086e+04
3.897175826200060533e-01 1.559552499999999964e+04
3.790094163593418219e-01 1.563147600000000057e+04
3.688501802280676478e-01 1.566751100000000042e+04
3.591286061982184585e-01 1.570362800000000061e+04
3.499048804212370745e-01 1.573982899999999972e+04
3.411143580948710063e-01 1.577611299999999937e+04
3.327361598061623904e-01 1.581247999999999956e+04
3.247132421678023961e-01 1.584893200000000070e+04
3.170297366952723461e-01 1.588546700000000055e+04
3.097062716168287877e-01 1.592208699999999953e+04
3.026913428101305481e-01 1.595879099999999926e+04
2.959715725594465607e-01 1.599557999999999993e+04
2.895342864759806178e-01 1.603245399999999972e+04
2.833348527784371185e-01 1.606941300000000047e+04
2.773958758729894170e-01 1.610645600000000013e+04
2.717064824112676580e-01 1.614358599999999933e+04
2.661950651151837599e-01 1.618079999999999927e+04
2.609456130460301448e-01 1.621810100000000057e+04
2.558585886905646034e-01 1.625548799999999937e+04
2.509573963702838029e-01 1.629295999999999913e+04
2.462351225364187712e-01 1.633051900000000023e+04
2.416851685753245160e-01 1.636816500000000087e+04
2.373012358490504126e-01 1.640589800000000105e+04
2.330504790557427208e-01 1.644371700000000055e+04
2.289549302828971233e-01 1.648162399999999980e+04
2.250090572279307144e-01 1.651961799999999857e+04
2.211821116488442152e-01 1.655770000000000073e+04
2.174703232440352019e-01 1.659586899999999878e+04
2.138700642984058820e-01 1.663412700000000041e+04
2.104020660153252953e-01 1.667247200000000157e+04
2.070379696341672349e-01 1.671090599999999904e+04
2.037745768630129517e-01 1.674942900000000009e+04
2.006088092068167572e-01 1.678804000000000087e+04
1.975377032655123155e-01 1.682674100000000180e+04
1.945584062372006373e-01 1.686552999999999884e+04
1.916461062735386189e-01 1.690440899999999965e+04
1.888426125223437169e-01 1.694337800000000061e+04
1.861015541601626078e-01 1.698243700000000172e+04
1.834425167117728628e-01 1.702158499999999913e+04
1.808631123303661437e-01 1.706082400000000052e+04
1.783405082511968220e-01 1.710015299999999843e+04
1.758935847451990608e-01 1.713957300000000032e+04
1.735002080881569986e-01 1.717908399999999892e+04
1.711788088471022651e-01 1.721868600000000151e+04
1.689273619638028134e-01 1.725837900000000081e+04
1.667247212551062618e-01 1.729816400000000067e+04
1.645697464389780096e-01 1.733804000000000087e+04
1.624613283943514286e-01 1.737800800000000163e+04
1.604168558607888539e-01 1.741806899999999951e+04
1.584163490206373093e-01 1.745822200000000157e+04
1.564768158262410114e-01 1.749846700000000055e+04
1.545788243693423658e-01 1.753880500000000029e+04
1.527038546716189549e-01 1.757923600000000079e+04
1.509037387948643505e-01 1.761975999999999840e+04
1.491248431890498660e-01 1.766037800000000061e+04
1.473838849237570914e-01 1.770109000000000015e+04
1.456967955439421869e-01 1.774189500000000044e+04
1.440290181165633787e-01 1.778279400000000169e+04
1.424131196371518915e-01 1.782378800000000047e+04
1.408315632366529124e-01 1.786487600000000020e+04
1.392675706719460615e-01 1.790605900000000111e+04
1.377526619605170810e-01 1.794733599999999933e+04
1.362699196994869300e-01 1.798870899999999892e+04
1.348031373813091127e-01 1.803017699999999968e+04
1.333828522174100029e-01 1.807174100000000180e+04
1.319775311707115650e-01 1.811340100000000166e+04
1.306020518307194622e-01 1.815515699999999924e+04
1.292706700806763864e-01 1.819700899999999820e+04
1.279528606852746719e-01 1.823895699999999852e+04
1.266630670704844697e-01 1.828100200000000041e+04
1.253862748654308856e-01 1.832314400000000023e+04
1.241509365316280922e-01 1.836538300000000163e+04
1.229277690737891199e-01 1.840772000000000116e+04
1.217306665354474515e-01 1.845015399999999863e+04
1.205591007729534397e-01 1.849268600000000151e+04
1.194125575338108730e-01 1.853531599999999889e+04
1.182769181699526162e-01 1.857804499999999825e+04
1.171655673911302931e-01 1.862087099999999919e+04
1.160780222671115997e-01 1.866379699999999866e+04
1.150005718699235735e-01 1.870682099999999991e+04
1.139593595905647461e-01 1.874994499999999971e+04
1.129145739018535127e-01 1.879316800000000148e+04
1.119051310082402467e-01 1.883649100000000180e+04
1.109047124143276580e-01 1.887991300000000047e+04
1.099258924015141109e-01 1.892343600000000151e+04
1.089557112336750760e-01 1.896705900000000111e+04
1.080065266614502473e-01 1.901078299999999945e+04
1.070779381513900785e-01 1.905460699999999997e+04
1.061573332016541305e-01 1.909853299999999945e+04
1.052567606082520785e-01 1.914255900000000111e+04
1.043638279109506961e-01 1.918668700000000172e+04
1.034903843826116554e-01 1.923091700000000128e+04
1.026360666264149457e-01 1.927524899999999980e+04
1.017888013015422338e-01 1.931968300000000090e+04
1.009601529879451121e-01 1.936422000000000116e+04
1.001382505837098841e-01 1.940885900000000038e+04
9.932303917133718241e-02 1.945360099999999875e+04
9.853715068586185732e-02 1.949844599999999991e+04
9.774622640495891912e-02 1.954339500000000044e+04
9.697281437013578753e-02 1.958844700000000012e+04
9.621659862626745496e-02 1.963360299999999916e+04
9.546628002228305099e-02 1.967886300000000119e+04
9.473271845042498251e-02 1.972422699999999895e+04
9.400479355551272231e-02 1.976969599999999991e+04
9.329320218396505715e-02 1.981527000000000044e+04
9.258699737049506939e-02 1.986094900000000052e+04
9.188613834028569460e-02 1.990673300000000017e+04
9.120108393559096804e-02 1.995262299999999959e+04
9.052113693388290361e-02 1.999861899999999878e+04
