7.429097534632692458e-04 1.002305199999999968e+04
7.477149431063497605e-04 1.004615799999999945e+04
7.526378586831618039e-04 1.006931699999999910e+04
7.575931864753510927e-04 1.009252900000000045e+04
7.625811398832249262e-04 1.011579500000000007e+04
7.676019337121113431e-04 1.013911399999999958e+04
7.727447445870085996e-04 1.016248699999999917e+04
7.780115782139786522e-04 1.018591400000000067e+04
7.832241320514677502e-04 1.020939500000000044e+04
7.885623905450243019e-04 1.023293000000000029e+04
7.939370332644724330e-04 1.025651900000000023e+04
7.994403418682457380e-04 1.028016300000000047e+04
8.049817975848498055e-04 1.030386100000000079e+04
8.105616648374378225e-04 1.032761399999999958e+04
8.162741815106195481e-04 1.035142200000000048e+04
8.220269577324044574e-04 1.037528399999999965e+04
8.279155890540870061e-04 1.039920199999999932e+04
8.338464038814516780e-04 1.042317400000000089e+04
8.398197043981565609e-04 1.044720199999999932e+04
8.459331810030807893e-04 1.047128499999999985e+04
8.520911607269517378e-04 1.049542400000000089e+04
8.583927879639088876e-04 1.051961900000000060e+04
8.647410187893834945e-04 1.054386900000000060e+04
8.711361978595062337e-04 1.056817499999999927e+04
8.776797131740181291e-04 1.059253700000000026e+04
8.842723799217701167e-04 1.061695600000000013e+04
8.910171435371232922e-04 1.064143000000000029e+04
8.978133526541797480e-04 1.066596099999999933e+04
9.047655586605217893e-04 1.069054900000000089e+04
9.117715989835536430e-04 1.071519299999999930e+04
9.188318904886044573e-04 1.073989400000000023e+04
9.260534629768887383e-04 1.076465200000000004e+04
9.334392534977476331e-04 1.078946700000000055e+04
9.408839497986715671e-04 1.081434000000000015e+04
9.484972151775781981e-04 1.083926900000000023e+04
9.561720841259169863e-04 1.086425599999999940e+04
9.639090551157077774e-04 1.088930099999999948e+04
9.718205091829180270e-04 1.091440300000000025e+04
9.799097076890641959e-04 1.093956400000000031e+04
9.880662387240601689e-04 1.096478199999999924e+04
9.964053715520262457e-04 1.099005800000000090e+04
1.004930575675285235e-03 1.101539300000000003e+04
1.013412041011315648e-03 1.104078600000000006e+04
1.022200431911309037e-03 1.106623799999999937e+04
1.031065036445526131e-03 1.109174799999999959e+04
1.040126257612485755e-03 1.111731699999999910e+04
1.049267110738763423e-03 1.114294499999999971e+04
1.058610165630933207e-03 1.116863199999999961e+04
1.068159383787196633e-03 1.119437900000000081e+04
1.077794740892769852e-03 1.122018499999999949e+04
1.087642226196986047e-03 1.124604999999999927e+04
1.097706055808177683e-03 1.127197500000000036e+04
1.107863004888257714e-03 1.129795900000000074e+04
1.118242670095460651e-03 1.132400400000000081e+04
1.128849539417180973e-03 1.135010800000000017e+04
1.139557018096617330e-03 1.137627299999999923e+04
1.150498508855211021e-03 1.140249799999999959e+04
1.161678790178921400e-03 1.142878299999999945e+04
1.173102769592160267e-03 1.145512900000000081e+04
1.184639092715844251e-03 1.148153600000000006e+04
1.196564351746979421e-03 1.150800400000000081e+04
1.208609657300159859e-03 1.153453299999999945e+04
1.220916772979682490e-03 1.156112199999999939e+04
1.233349210424949721e-03 1.158777399999999943e+04
1.246195159777602895e-03 1.161448600000000079e+04
1.259319882336280708e-03 1.164126000000000022e+04
1.272582832315350939e-03 1.166809599999999955e+04
1.286281608692986436e-03 1.169499400000000060e+04
1.300127846178440348e-03 1.172195399999999972e+04
1.314274434849822641e-03 1.174897600000000057e+04
1.328880902348441142e-03 1.177605999999999949e+04
1.343649701919518965e-03 1.180320600000000013e+04
1.358739059285583471e-03 1.183041599999999926e+04
1.374314283186198410e-03 1.185768699999999990e+04
1.390068045856194005e-03 1.188502200000000084e+04
1.406326175175784746e-03 1.191242000000000007e+04
1.422774458329758174e-03 1.193988099999999940e+04
1.439746595083519782e-03 1.196740500000000065e+04
1.457088934696146917e-03 1.199499300000000039e+04
1.474809953915789127e-03 1.202264400000000023e+04
1.493090252156405867e-03 1.205035900000000038e+04
1.511771174121248965e-03 1.207813800000000083e+04
1.530862060846453331e-03 1.210598099999999977e+04
1.550372513281637193e-03 1.213388899999999921e+04
1.570493199325527067e-03 1.216186000000000058e+04
1.591058177802310214e-03 1.218989600000000064e+04
1.612263641108654944e-03 1.221799699999999939e+04
1.633939832143023810e-03 1.224616200000000026e+04
1.656098104605673244e-03 1.227439199999999983e+04
1.679136724156626284e-03 1.230268800000000010e+04
1.702495842830993632e-03 1.233104800000000068e+04
1.726776223610372802e-03 1.235947400000000016e+04
1.751604531726592149e-03 1.238796600000000035e+04
1.777198999686599142e-03 1.241652299999999923e+04
1.803582696796602377e-03 1.244514600000000064e+04
1.830568817269917405e-03 1.247383499999999913e+04
1.858600544826131658e-03 1.250259000000000015e+04
1.887278794200106333e-03 1.253141200000000026e+04
1.916840867735100954e-03 1.256029999999999927e+04
1.947538537324302417e-03 1.258925400000000081e+04
1.979183492871128269e-03 1.261827499999999964e+04
2.011805819662723302e-03 1.264736299999999937e+04
2.045436776127117738e-03 1.267651900000000023e+04
2.080108842203014577e-03 1.270574099999999999e+04
2.116099380851663332e-03 1.273503100000000086e+04
2.153456285392738295e-03 1.276438800000000083e+04
2.191977339453986522e-03 1.279381300000000010e+04
2.231958216576457321e-03 1.282330600000000049e+04
2.273453417901405253e-03 1.285286700000000019e+04
2.316520032134544022e-03 1.288249599999999919e+04
2.360946033676038138e-03 1.291219299999999930e+04
2.407332395170920600e-03 1.294195800000000054e+04
2.455478071941332753e-03 1.297179299999999967e+04
2.505740313220499241e-03 1.300169599999999991e+04
2.557914713917480362e-03 1.303166799999999967e+04
2.612378255078400945e-03 1.306170900000000074e+04
2.669230385946241412e-03 1.309181899999999951e+04
2.728576033144544753e-03 1.312199899999999980e+04
2.790204662667785784e-03 1.315224799999999959e+04
2.855196878337030661e-03 1.318256699999999910e+04
2.923048760978232824e-03 1.321295600000000013e+04
2.993891519722458039e-03 1.324341500000000087e+04
3.068570178721300411e-03 1.327394499999999971e+04
3.146922590934163495e-03 1.330454399999999987e+04
3.229505735120761275e-03 1.333521399999999994e+04
3.316164456585817249e-03 1.336595499999999993e+04
3.407893860505837105e-03 1.339676699999999983e+04
3.504580661151889074e-03 1.342764999999999964e+04
3.606916264052922264e-03 1.345860399999999936e+04
3.715233038417949888e-03 1.348962900000000081e+04
3.830328837008671605e-03 1.352072600000000057e+04
3.952629067641618039e-03 1.355189400000000023e+04
4.083062804073954270e-03 1.358313400000000001e+04
4.222173349342303421e-03 1.361444700000000012e+04
4.370549668933973800e-03 1.364583100000000013e+04
4.530394904188843677e-03 1.367728800000000047e+04
4.701495882781801632e-03 1.370881799999999930e+04
4.886366749508307475e-03 1.374042000000000007e+04
5.085528120847403882e-03 1.377209499999999935e+04
5.301955277806319304e-03 1.380384300000000076e+04
5.536509636047328743e-03 1.383566400000000067e+04
5.792766996181752080e-03 1.386755800000000090e+04
6.073458385692597980e-03 1.389952599999999984e+04
6.382429996943166269e-03 1.393156799999999930e+04
6.722581253945683101e-03 1.396368399999999929e+04
7.101270567211570919e-03 1.399587299999999959e+04
7.522047301810695814e-03 1.402813700000000063e+04
7.995323861373342805e-03 1.406047500000000036e+04
8.528763272158020048e-03 1.409288800000000083e+04
9.134526922058993845e-03 1.412537500000000000e+04
9.827341773345073597e-03 1.415793800000000010e+04
1.062639756504477409e-02 1.419057500000000073e+04
1.155542864475083038e-02 1.422328800000000047e+04
1.264404579490284453e-02 1.425607599999999911e+04
1.393112086457188280e-02 1.428894000000000051e+04
1.546094588609514542e-02 1.432187900000000081e+04
1.728964435973117178e-02 1.435489400000000023e+04
1.946641869164807484e-02 1.438798600000000079e+04
2.200321083136832362e-02 1.442115400000000045e+04
2.481910178483672999e-02 1.445439799999999923e+04
2.758900641223975547e-02 1.448771899999999914e+04
2.966784901357731249e-02 1.452111599999999999e+04
3.028210493947242066e-02 1.455459100000000035e+04
2.914983226853187087e-02 1.458814300000000003e+04
2.676924115422174219e-02 1.462177200000000084e+04
2.393238937575411021e-02 1.465547799999999916e+04
2.118293141702960736e-02 1.468926300000000083e+04
1.875582017139145602e-02 1.472312500000000000e+04
1.669114231531525563e-02 1.475706500000000051e+04
1.496015386008273627e-02 1.479108400000000074e+04
1.350939997568054683e-02 1.482518100000000049e+04
1.228813743782981339e-02 1.485935599999999977e+04
1.125216417493673897e-02 1.489361100000000079e+04
1.036659328572274615e-02 1.492794399999999951e+04
9.602538567216656329e-03 1.496235699999999997e+04
8.938940780255272972e-03 1.499684799999999996e+04
8.356724024834446402e-03 1.503142000000000007e+04
7.843069439857854389e-03 1.506607099999999991e+04
7.387305510208341114e-03 1.510080199999999968e+04
6.979688811969207533e-03 1.513561199999999917e+04
6.614333066190913012e-03 1.517050400000000081e+04
6.283998317987713259e-03 1.520547500000000036e+04
5.983923876997973741e-03 1.524052800000000025e+04
5.711314294603871133e-03 1.527566100000000006e+04
5.461803357953778047e-03 1.531087500000000000e+04
5.232823182242741893e-03 1.534617000000000007e+04
5.022108140840022758e-03 1.538154600000000028e+04
4.827653151290215924e-03 1.541700499999999920e+04
4.647143251502477111e-03 1.545254399999999987e+04
4.479567242287492423e-03 1.548816599999999926e+04
4.323505941387589466e-03 1.552387000000000080e+04
4.178169554451082943e-03 1.555965600000000086e+04
4.041904612648788281e-03 1.559552499999999964e+04
3.914137339323044314e-03 1.563147600000000057e+04
3.793901577651157941e-03 1.566751100000000042e+04
3.681171577185523777e-03 1.570362800000000061e+04
3.574670860605079666e-03 1.573982899999999972e+04
3.474049963329646409e-03 1.577611299999999937e+04
3.378983414854714717e-03 1.581247999999999956e+04
3.288789370536704913e-03 1.584893200000000070e+04
3.203583588159505773e-03 1.588546700000000055e+04
3.122382183156413148e-03 1.592208699999999953e+04
3.045341915783016714e-03 1.595879099999999926e+04
2.971570649460518118e-03 1.599557999999999993e+04
2.901590095498497463e-03 1.603245399999999972e+04
2.834889008803428631e-03 1.606941300000000047e+04
2.770997028874295186e-03 1.610645600000000013e+04
2.709792647852576203e-03 1.614358599999999933e+04
2.651465985537684866e-03 1.618079999999999927e+04
2.595290996636538151e-03 1.621810100000000057e+04
2.541768891622968405e-03 1.625548799999999937e+04
2.490210500716659621e-03 1.629295999999999913e+04
2.440540730906263622e-03 1.633051900000000023e+04
2.392963421620607038e-03 1.636816500000000087e+04
2.347124139833024412e-03 1.640589800000000105e+04
2.302958225336476823e-03 1.644371700000000055e+04
2.260403963411253356e-03 1.648162399999999980e+04
2.219402444914226648e-03 1.651961799999999857e+04
2.179897433778717024e-03 1.655770000000000073e+04
2.141835241515901815e-03 1.659586899999999878e+04
2.104922256251804021e-03 1.663412700000000041e+04
2.069360047883818127e-03 1.667247200000000157e+04
2.034867146907030910e-03 1.671090599999999904e+04
2.001409975691973830e-03 1.674942900000000009e+04
1.969182919649204756e-03 1.678804000000000087e+04
1.937920960762902706e-03 1.682674100000000180e+04
1.907594493506659236e-03 1.686552999999999884e+04
1.878391265563821456e-03 1.690440899999999965e+04
1.849848067123144356e-03 1.694337800000000061e+04
1.822158117545254067e-03 1.698243700000000172e+04
1.795295987032815427e-03 1.702158499999999913e+04
1.769237191233936999e-03 1.706082400000000052e+04
1.743757385870172479e-03 1.710015299999999843e+04
1.719238231195191350e-03 1.713957300000000032e+04
1.695259005585299976e-03 1.717908399999999892e+04
1.671999180040347832e-03 1.721868600000000151e+04
1.649248357070317401e-03 1.725837900000000081e+04
1.627181732905414640e-03 1.729816400000000067e+04
1.605595196243393740e-03 1.733804000000000087e+04
1.584659870551803585e-03 1.737800800000000163e+04
1.564177592414159974e-03 1.741806899999999951e+04
1.544315605694853528e-03 1.745822200000000157e+04
1.524881375590990450e-03 1.749846700000000055e+04
1.505865072061535886e-03 1.753880500000000029e+04
1.487428368327346978e-03 1.757923600000000079e+04
1.469386549666051867e-03 1.761975999999999840e+04
1.451730696979013600e-03 1.766037800000000061e+04
1.434452131358489747e-03 1.770109000000000015e+04
1.417705617224091288e-03 1.774189500000000044e+04
1.401154610300788797e-03 1.778279400000000169e+04
1.385115726105681571e-03 1.782378800000000047e+04
1.369418088508302534e-03 1.786487600000000020e+04
1.354054235891406386e-03 1.790605900000000111e+04
1.339016905420357994e-03 1.794733599999999933e+04
1.324299027486706840e-03 1.798870899999999892e+04
1.309893720324408319e-03 1.803017699999999968e+04
1.295794284793066369e-03 1.807174100000000180e+04
1.281994199322797259e-03 1.811340100000000166e+04
1.268487115015460263e-03 1.815515699999999924e+04
1.255266850897221280e-03 1.819700899999999820e+04
1.242184369324258152e-03 1.823895699999999852e+04
1.229521309469342859e-03 1.828100200000000041e+04
1.216987339215657403e-03 1.832314400000000023e+04
1.204858539593163394e-03 1.836538300000000163e+04
1.192850618615452557e-03 1.840772000000000116e+04
1.181098342720362940e-03 1.845015399999999863e+04
1.169596500339631882e-03 1.849268600000000151e+04
1.158206665886916302e-03 1.853531599999999889e+04
1.147059801138169445e-03 1.857804499999999825e+04
1.136151013237004983e-03 1.862087099999999919e+04
1.125475537979808835e-03 1.866379699999999866e+04
1.115028736408437381e-03 1.870682099999999991e+04
1.104678903326730254e-03 1.874994499999999971e+04
1.094551146265233680e-03 1.879316800000000148e+04
1.084516241038589691e-03 1.883649100000000180e+04
1.074820794519204320e-03 1.887991300000000047e+04
1.065212024141358677e-03 1.892343600000000151e+04
1.055689155030631625e-03 1.896705900000000111e+04
1.046492355269753932e-03 1.901078299999999945e+04
1.037256249442549154e-03 1.905460699999999997e+04
1.028338415817183589e-03 1.909853299999999945e+04
1.019497253464332924e-03 1.914255900000000111e+04
1.010848474733478828e-03 1.918668700000000172e+04
1.002273066846225743e-03 1.923091700000000128e+04
9.938848260027377795e-04 1.927524899999999980e+04
9.855667881675678893e-04 1.931968300000000090e+04
9.774308902088120997e-04 1.936422000000000116e+04
9.693621544519389569e-04 1.940885900000000038e+04
9.614707135047972052e-04 1.945360099999999875e+04
9.537533142559358364e-04 1.949844599999999991e+04
9.460978599528020207e-04 1.954339500000000044e+04
9.386119088535093812e-04 1.958844700000000012e+04
9.311851899607708101e-04 1.963360299999999916e+04
9.238172346027699990e-04 1.967886300000000119e+04
9.166131007246197671e-04 1.972422699999999895e+04
9.095698583693467842e-04 1.976969599999999991e+04
9.025807361906634926e-04 1.981527000000000044e+04
8.957484392438159375e-04 1.986094900000000052e+04
8.889678609739772811e-04 1.990673300000000017e+04
8.822386098844709748e-04 1.995262299999999959e+04
8.756611058494783969e-04 1.999861899999999878e+04
