1.346058515638321978e+03 1.002305199999999968e+04 7.632814533618832442e-01
1.337408071377499482e+03 1.004615799999999945e+04 7.583542254385533532e-01
1.328660242722350631e+03 1.006931699999999910e+04 7.534310748448855843e-01
1.319969632583985458e+03 1.009252900000000045e+04 7.485120009331169832e-01
1.311335866702828980e+03 1.011579500000000007e+04 7.435967918851741354e-01
1.302758573267286010e+03 1.013911399999999958e+04 7.386856588231137666e-01
1.294088386889576896e+03 1.016248699999999917e+04 7.337783907585229137e-01
1.285327915422059732e+03 1.018591400000000067e+04 7.288749880465643649e-01
1.276773734461858112e+03 1.020939500000000044e+04 7.239754507987224974e-01
1.268130476408896584e+03 1.023293000000000029e+04 7.190797788855853856e-01
1.259545729827273135e+03 1.025651900000000023e+04 7.141879719396109216e-01
1.250875078011522419e+03 1.028016300000000047e+04 7.092998229358034035e-01
1.242264114543030018e+03 1.030386100000000079e+04 7.044155387260392365e-01
1.233712428530104489e+03 1.032761399999999958e+04 6.995349130764663137e-01
1.225078561408585074e+03 1.035142200000000048e+04 6.946579465662521269e-01
1.216505116521411310e+03 1.037528399999999965e+04 6.897848434412332530e-01
1.207852603841562541e+03 1.039920199999999932e+04 6.849151953612259147e-01
1.199261633011935828e+03 1.042317400000000089e+04 6.800494093896317649e-01
1.190731766310048670e+03 1.044720199999999932e+04 6.751870792008133337e-01
1.182126463953372422e+03 1.047128499999999985e+04 6.703284074791692193e-01
1.173583351277651445e+03 1.049542400000000089e+04 6.654731925622059396e-01
1.164967849242979582e+03 1.051961900000000060e+04 6.606214352139709867e-01
1.156415595272646897e+03 1.054386900000000060e+04 6.557733355785561047e-01
1.147926125050398241e+03 1.056817499999999927e+04 6.509286931203118742e-01
1.139367795552236203e+03 1.059253700000000026e+04 6.460875079002884602e-01
1.130873272428194696e+03 1.061695600000000013e+04 6.412495819240376926e-01
1.122312861490230262e+03 1.064143000000000029e+04 6.364153110324750617e-01
1.113817250594156121e+03 1.066596099999999933e+04 6.315842995396189208e-01
1.105258694285920910e+03 1.069054900000000089e+04 6.267565483587085318e-01
1.096765901805675639e+03 1.071519299999999930e+04 6.219322536327398510e-01
1.088338367825079558e+03 1.073989400000000023e+04 6.171112191707686101e-01
1.079851261271031717e+03 1.076465200000000004e+04 6.122934451897659169e-01
1.071306993200509396e+03 1.078946700000000055e+04 6.074789316772158942e-01
1.062830331215638125e+03 1.081434000000000015e+04 6.026674852400724092e-01
1.054299352700555346e+03 1.083926900000000023e+04 5.978594922937979783e-01
1.045836849455972470e+03 1.086425599999999940e+04 5.930545664122565119e-01
1.037442271854122055e+03 1.088930099999999948e+04 5.882527083905845222e-01
1.028996600247482547e+03 1.091440300000000025e+04 5.834541096741049371e-01
1.020502187245715731e+03 1.093956400000000031e+04 5.786583882701685777e-01
1.012077896003561932e+03 1.096478199999999924e+04 5.738659254938180965e-01
1.003607596416681986e+03 1.099005800000000090e+04 5.690765303525255892e-01
9.950936156241717754e+02 1.101539300000000003e+04 5.642900138617905625e-01
9.867654611662879915e+02 1.104078600000000006e+04 5.595065652250380550e-01
9.782817232137158499e+02 1.106623799999999937e+04 5.547259961137933626e-01
9.698709243864778955e+02 1.109174799999999959e+04 5.499484941832467610e-01
9.614217434481541886e+02 1.111731699999999910e+04 5.451738717610623564e-01
9.530461688596379872e+02 1.114294499999999971e+04 5.404021290521326959e-01
9.446347980269002846e+02 1.116863199999999961e+04 5.356332660397005174e-01
9.361898750114096401e+02 1.119437900000000081e+04 5.308670976401265174e-01
9.278204486057056783e+02 1.122018499999999949e+04 5.261038093158972861e-01
9.194199856478237507e+02 1.124604999999999927e+04 5.213434003930781380e-01
9.109906925527141084e+02 1.127197500000000036e+04 5.165856867318372458e-01
9.026386796812146258e+02 1.129795900000000074e+04 5.118308515444007778e-01
8.942602770779917591e+02 1.132400400000000081e+04 5.070785291137781536e-01
8.858576498301931679e+02 1.135010800000000017e+04 5.023290844213242901e-01
8.775339751496445615e+02 1.137627299999999923e+04 4.975821534105748789e-01
8.691884364066123680e+02 1.140249799999999959e+04 4.928379179001153299e-01
8.608231539167383062e+02 1.142878299999999945e+04 4.880963772930903000e-01
8.524402344968113994e+02 1.145512900000000081e+04 4.833573511630230302e-01
8.441389501231552686e+02 1.148153600000000006e+04 4.786208400266039886e-01
8.357260506215179703e+02 1.150800400000000081e+04 4.738868441824924949e-01
8.273969961764491927e+02 1.153453299999999945e+04 4.691553637138011768e-01
8.190566483573416008e+02 1.156112199999999939e+04 4.644265760870673887e-01
8.108003731201567916e+02 1.158777399999999943e+04 4.596999481721408820e-01
8.024425324990517083e+02 1.161448600000000079e+04 4.549760122097321613e-01
7.940794186023709926e+02 1.164126000000000022e+04 4.502544137461219620e-01
7.858034656813570109e+02 1.166809599999999955e+04 4.455351533034713762e-01
7.774347337641853528e+02 1.169499400000000060e+04 4.408182311892755445e-01
7.691551280432706790e+02 1.172195399999999972e+04 4.361036474988059242e-01
7.608760951926044527e+02 1.174897600000000057e+04 4.313914021175316860e-01
7.525128837601381520e+02 1.177605999999999949e+04 4.266814947235308964e-01
7.442415970259318101e+02 1.180320600000000013e+04 4.219739247898777190e-01
7.359764872924120027e+02 1.183041599999999926e+04 4.172683461951439687e-01
7.276356014299790331e+02 1.185768699999999990e+04 4.125652775305261866e-01
7.193892435561047023e+02 1.188502200000000084e+04 4.078642010005092411e-01
7.110725930099425796e+02 1.191242000000000007e+04 4.031652893845596441e-01
7.028520888503529704e+02 1.193988099999999940e+04 3.984685425598627484e-01
6.945666712564719774e+02 1.196740500000000065e+04 3.937739601996225192e-01
6.862999067442196974e+02 1.199499300000000039e+04 3.890813719133113802e-01
6.780534653599845569e+02 1.202264400000000023e+04 3.843909477647626804e-01
6.697518777285854412e+02 1.205035900000000038e+04 3.797025178880757412e-01
6.614757690305032156e+02 1.207813800000000083e+04 3.750160825388616503e-01
6.532267181845725190e+02 1.210598099999999977e+04 3.703316417676308925e-01
6.450062752230580827e+02 1.213388899999999921e+04 3.656490278624897616e-01
6.367426490159051582e+02 1.216186000000000058e+04 3.609685760442141733e-01
6.285125295551891895e+02 1.218989600000000064e+04 3.562899510927026725e-01
6.202459538890061594e+02 1.221799699999999939e+04 3.516131536113217271e-01
6.120176400182567704e+02 1.224616200000000026e+04 3.469383497529453519e-01
6.038289623174865710e+02 1.227439199999999983e+04 3.422653730641147529e-01
5.955441183637183258e+02 1.230268800000000010e+04 3.375940586776415842e-01
5.873729467304607397e+02 1.233104800000000068e+04 3.329247365664580460e-01
5.791138343966673574e+02 1.235947400000000016e+04 3.282570770395218940e-01
5.709051226387725819e+02 1.238796600000000035e+04 3.235910808183700693e-01
5.626831886447974966e+02 1.241652299999999923e+04 3.189269115310312541e-01
5.544519814789364318e+02 1.244514600000000064e+04 3.142644055145114024e-01
5.462782882379614193e+02 1.247383499999999913e+04 3.096035628903489600e-01
5.380392267632462335e+02 1.250259000000000015e+04 3.049443835826408655e-01
5.298634219136841921e+02 1.253141200000000026e+04 3.002867059324724197e-01
5.216917151717341312e+02 1.256029999999999927e+04 2.956306917152732305e-01
5.134686584296744059e+02 1.258925400000000081e+04 2.909763402704487190e-01
5.052588623550699936e+02 1.261827499999999964e+04 2.863234906326622697e-01
4.970658650185477541e+02 1.264736299999999937e+04 2.816721430264587100e-01
4.888931360144142673e+02 1.267651900000000023e+04 2.770221382024081747e-01
4.807440744018538226e+02 1.270574099999999999e+04 2.723737949686074744e-01
4.725675972730219883e+02 1.273503100000000086e+04 2.677267948249515417e-01
4.643697700218809814e+02 1.276438800000000083e+04 2.630812964991696701e-01
4.562090957788351488e+02 1.279381300000000010e+04 2.584371416286197487e-01
4.480370611659002975e+02 1.282330600000000049e+04 2.537943305168399721e-01
4.398594631963414940e+02 1.285286700000000019e+04 2.491528632736088600e-01
4.316819997790201455e+02 1.288249599999999919e+04 2.445127398171550448e-01
4.235590249570342394e+02 1.291219299999999930e+04 2.398739598763558467e-01
4.153975587276554506e+02 1.294195800000000054e+04 2.352365229929187507e-01
4.072526696234705241e+02 1.297179299999999967e+04 2.306001181192136595e-01
3.990836539301039352e+02 1.300169599999999991e+04 2.259650564229043201e-01
3.909434488018901561e+02 1.303166799999999967e+04 2.213311824768789959e-01
3.827929581238948913e+02 1.306170900000000074e+04 2.166984962658815572e-01
3.746398232483406332e+02 1.309181899999999951e+04 2.120669975873075153e-01
3.664915281277872054e+02 1.312199899999999980e+04 2.074365328199380132e-01
3.583966485970511258e+02 1.315224799999999959e+04 2.028072554029974883e-01
3.502385448748585191e+02 1.318256699999999910e+04 1.981790121207925859e-01
3.421085591693441756e+02 1.321295600000000013e+04 1.935518031916686477e-01
3.340134381664913121e+02 1.324341500000000087e+04 1.889256286466262091e-01
3.258846764966961018e+02 1.327394499999999971e+04 1.843003370219785664e-01
3.177707652806134320e+02 1.330454399999999987e+04 1.796762309789108336e-01
3.096449060687631345e+02 1.333521399999999994e+04 1.750530077562192366e-01
3.015531989114791145e+02 1.336595499999999993e+04 1.704306677848378415e-01
2.934363688931230172e+02 1.339676699999999983e+04 1.658092113085306574e-01
2.853408429387723118e+02 1.342764999999999964e+04 1.611886383860213767e-01
2.772451387258840896e+02 1.345860399999999936e+04 1.565689488931084616e-01
2.691621197538198089e+02 1.348962900000000081e+04 1.519501425247652415e-01
2.610741903770744443e+02 1.352072600000000057e+04 1.473320704753525723e-01
2.529961660674275095e+02 1.355189400000000023e+04 1.427148811378310400e-01
2.449141852538321871e+02 1.358313400000000001e+04 1.380984260800645069e-01
2.368448467791527321e+02 1.361444700000000012e+04 1.334825581470056033e-01
2.288041724152081997e+02 1.364583100000000013e+04 1.288675720525872537e-01
2.207313095543593988e+02 1.367728800000000047e+04 1.242531734105666308e-01
2.126982613474747268e+02 1.370881799999999930e+04 1.196393628323638714e-01
2.046510324057491914e+02 1.374042000000000007e+04 1.150262865416379343e-01
1.966364114477395901e+02 1.377209499999999935e+04 1.104137982785687866e-01
1.886096633417378428e+02 1.380384300000000076e+04 1.058018981129668079e-01
1.806192106104466859e+02 1.383566400000000067e+04 1.011905859365914706e-01
1.726290735772974472e+02 1.386755800000000090e+04 9.657986146519503823e-02
1.646508358986579594e+02 1.389952599999999984e+04 9.196958019869283518e-02
1.566801360107271250e+02 1.393156799999999930e+04 8.735974254519407456e-02
1.487523857615064458e+02 1.396368399999999929e+04 8.275034873328224183e-02
1.408198702662115522e+02 1.399587299999999959e+04 7.814154182235011348e-02
1.329425301219897335e+02 1.402813700000000063e+04 7.353303533010580040e-02
1.250731073985828203e+02 1.406047500000000036e+04 6.892497230998306801e-02
1.172502938690396519e+02 1.409288800000000083e+04 6.431721030382675508e-02
1.094747443991978741e+02 1.412537500000000000e+04 5.970989133520654413e-02
1.017569168818696284e+02 1.415793800000000010e+04 5.510273195904702437e-02
9.410526887206543734e+01 1.419057500000000073e+04 5.049601516756607733e-02
8.653941197190118828e+01 1.422328800000000047e+04 4.588945850865633336e-02
7.908860947048506773e+01 1.425607599999999911e+04 4.128320297564813668e-02
7.178173312264425476e+01 1.428894000000000051e+04 3.667710808400792555e-02
6.467909579189158364e+01 1.432187900000000081e+04 3.207131382119687846e-02
5.783808962138469667e+01 1.435489400000000023e+04 2.746568001986360308e-02
5.137051739409276507e+01 1.438798600000000079e+04 2.286006764764836330e-02
4.544791247350023866e+01 1.442115400000000045e+04 1.825461617606072284e-02
4.029154675577146349e+01 1.445439799999999923e+04 1.364932524411832659e-02
3.624632163470569424e+01 1.448771899999999914e+04 9.044056275354872554e-03
3.370652181566503458e+01 1.452111599999999999e+04 4.438947264994497210e-03
3.302280346755254925e+01 1.455459100000000035e+04 1.662774723143467526e-04
3.430551472090391485e+01 1.458814300000000003e+04 4.771479962973557143e-03
3.735630734688537302e+01 1.462177200000000084e+04 9.376660449939344666e-03
4.178437782786115662e+01 1.465547799999999916e+04 1.398181934142417315e-02
4.720781936706217152e+01 1.468926300000000083e+04 1.858722952850078158e-02
5.331678331642972068e+01 1.472312500000000000e+04 2.319261818512763362e-02
5.991201687151347244e+01 1.475706500000000051e+04 2.779812175385942830e-02
6.684423230888279477e+01 1.479108400000000074e+04 3.240387560672852718e-02
7.402253259213492242e+01 1.482518100000000049e+04 3.700974420010272325e-02
8.137929812873319690e+01 1.485935599999999977e+04 4.161572800259516480e-02
8.887179252391436535e+01 1.489361100000000079e+04 4.622209628658602298e-02
9.646370533097278610e+01 1.492794399999999951e+04 5.082857999080236944e-02
1.041391287314407492e+02 1.496235699999999997e+04 5.543544750837159363e-02
1.118700777399537287e+02 1.499684799999999996e+04 6.004243131213626850e-02
1.196641168271451647e+02 1.503142000000000007e+04 6.464993204363866930e-02
1.275011024278428096e+02 1.506607099999999991e+04 6.925768280344068994e-02
1.353673539855802517e+02 1.510080199999999968e+04 7.386581682353710043e-02
1.432728631518839961e+02 1.513561199999999917e+04 7.847420183802877869e-02
1.511868226157960464e+02 1.517050400000000081e+04 8.308323470452205761e-02
1.591343519519311371e+02 1.520547500000000036e+04 8.769251899859153987e-02
1.671144253428708168e+02 1.524052800000000025e+04 9.230245015308280454e-02
1.750910470720922945e+02 1.527566100000000006e+04 9.691276489052802479e-02
1.830897113027229466e+02 1.531087500000000000e+04 1.015235947793656779e-01
1.911014313255294894e+02 1.534617000000000007e+04 1.061349398908619790e-01
1.991195673123707479e+02 1.538154600000000028e+04 1.107468004552067953e-01
2.071399847217161323e+02 1.541700499999999920e+04 1.153594367446996172e-01
2.151859639094809609e+02 1.545254399999999987e+04 1.199724586304244944e-01
2.232358497847550325e+02 1.548816599999999926e+04 1.245862557997368114e-01
2.312937725902740738e+02 1.552387000000000080e+04 1.292006983293785272e-01
2.393392577701115727e+02 1.555965600000000086e+04 1.338157863961739746e-01
2.474081146968652263e+02 1.559552499999999964e+04 1.384316488814593127e-01
2.554841369395973913e+02 1.563147600000000057e+04 1.430481571732158397e-01
2.635809020167333756e+02 1.566751100000000042e+04 1.476655679143165090e-01
2.716526461840607567e+02 1.570362800000000061e+04 1.522836248077924504e-01
2.797460350883133628e+02 1.573982899999999972e+04 1.569025837159830905e-01
2.878484796003239694e+02 1.577611299999999937e+04 1.615223169287616223e-01
2.959469986161494148e+02 1.581247999999999956e+04 1.661428248887328873e-01
3.040632546914391696e+02 1.584893200000000070e+04 1.707643614905333118e-01
3.121504316903155996e+02 1.588546700000000055e+04 1.753866731106207277e-01
3.202682891910114904e+02 1.592208699999999953e+04 1.800100128850106174e-01
3.283703530356723377e+02 1.595879099999999926e+04 1.846342544181914791e-01
3.365223708147567550e+02 1.599557999999999993e+04 1.892595237095006100e-01
3.446386178224800574e+02 1.603245399999999972e+04 1.938858205304959670e-01
3.527474962492755708e+02 1.606941300000000047e+04 1.985131448075829752e-01
3.608809354827224070e+02 1.610645600000000013e+04 2.031413718075564256e-01
3.690319260377608543e+02 1.614358599999999933e+04 2.077708761992884678e-01
3.771498504806246501e+02 1.618079999999999927e+04 2.124012839250971618e-01
3.853132466825440474e+02 1.621810100000000057e+04 2.170329684118480484e-01
3.934267994607018295e+02 1.625548799999999937e+04 2.216658050198581087e-01
4.015724773918547044e+02 1.629295999999999913e+04 2.262996702801218785e-01
4.097452615054954776e+02 1.633051900000000023e+04 2.309348117323023475e-01
4.178918870906774714e+02 1.636816500000000087e+04 2.355712289850961927e-01
4.260533062691521877e+02 1.640589800000000105e+04 2.402089218004016535e-01
4.342241161816531303e+02 1.644371700000000055e+04 2.448477675565184919e-01
4.423987995892847493e+02 1.648162399999999980e+04 2.494880116339455167e-01
4.505717303734190864e+02 1.651961799999999857e+04 2.541295314602938227e-01
4.587371793298375451e+02 1.655770000000000073e+04 2.587724491895659895e-01
4.668893202505350928e+02 1.659586899999999878e+04 2.634166430394160319e-01
4.750769283900686446e+02 1.663412700000000041e+04 2.680623562780128921e-01
4.832411841634935286e+02 1.667247200000000157e+04 2.727093461085080550e-01
4.914325741216009078e+02 1.671090599999999904e+04 2.773578551221964617e-01
4.996477544058691933e+02 1.674942900000000009e+04 2.820078829562575606e-01
5.078248394405850945e+02 1.678804000000000087e+04 2.866593090475091365e-01
5.160169172257310493e+02 1.682674100000000180e+04 2.913123742675540750e-01
5.242204270372669725e+02 1.686552999999999884e+04 2.959668382323616953e-01
5.323704482302509859e+02 1.690440899999999965e+04 3.006229411551513131e-01
5.405849365538354050e+02 1.694337800000000061e+04 3.052806826986698141e-01
5.487997942501082207e+02 1.698243700000000172e+04 3.099400626732936592e-01
5.570112155448834983e+02 1.702158499999999913e+04 3.146009620927098238e-01
5.652153396699511632e+02 1.706082400000000052e+04 3.192636191735832574e-01
5.734742734872938854e+02 1.710015299999999843e+04 3.239279149846533423e-01
5.816529564403726908e+02 1.713957300000000032e+04 3.285939681635885457e-01
5.898803644194433673e+02 1.717908399999999892e+04 3.332617785510944008e-01
5.980864177073750625e+02 1.721868600000000151e+04 3.379313461318935730e-01
6.063368174435379387e+02 1.725837900000000081e+04 3.426026710330754010e-01
6.145595048037134802e+02 1.729816400000000067e+04 3.472758708716955356e-01
6.228219929529541332e+02 1.733804000000000087e+04 3.519508282585285253e-01
6.310502452818371921e+02 1.737800800000000163e+04 3.566276606444248598e-01
6.393135951120452773e+02 1.741806899999999951e+04 3.613064847304657823e-01
6.475360323449281168e+02 1.745822200000000157e+04 3.659871835535266626e-01
6.557887164255220114e+02 1.749846700000000055e+04 3.706697574150383812e-01
6.640701205925412296e+02 1.753880500000000029e+04 3.753543227773663560e-01
6.723012827330480832e+02 1.757923600000000079e+04 3.800408795626053493e-01
6.805561138607607745e+02 1.761975999999999840e+04 3.847294278328710071e-01
6.888329922904813429e+02 1.766037800000000061e+04 3.894200831633137794e-01
6.971302688594813617e+02 1.770109000000000015e+04 3.941128452481116318e-01
7.053650545294650556e+02 1.774189500000000044e+04 3.988075989757912110e-01
7.136971128299167049e+02 1.778279400000000169e+04 4.035044596929062699e-01
7.219613359033525057e+02 1.782378800000000047e+04 4.082035420323018027e-01
7.302371776681385427e+02 1.786487600000000020e+04 4.129047312963791683e-01
7.385228549148004049e+02 1.790605900000000111e+04 4.176081419720946153e-01
7.468165606811884345e+02 1.794733599999999933e+04 4.223136600566599341e-01
7.551164648197537872e+02 1.798870899999999892e+04 4.270215135755067726e-01
7.634207145846457934e+02 1.803017699999999968e+04 4.317315885906216621e-01
7.717274352384540634e+02 1.807174100000000180e+04 4.364439986757239209e-01
7.800347306783771728e+02 1.811340100000000166e+04 4.411587436485884250e-01
7.883406840816132899e+02 1.815515699999999924e+04 4.458758234638650064e-01
7.966433585697213857e+02 1.819700899999999820e+04 4.505952382115122612e-01
8.050334754606474235e+02 1.823895699999999852e+04 4.553169881152450138e-01
8.133246591973232853e+02 1.828100200000000041e+04 4.600411857911168578e-01
8.217012353181055460e+02 1.832314400000000023e+04 4.647678311255015737e-01
8.299729529556750549e+02 1.836538300000000163e+04 4.694969241394681969e-01
8.383279384645035179e+02 1.840772000000000116e+04 4.742285766498639532e-01
8.466695480215064435e+02 1.845015399999999863e+04 4.789626768852263128e-01
8.549957183606621811e+02 1.849268600000000151e+04 4.836993365330823913e-01
8.634037684753204758e+02 1.853531599999999889e+04 4.884385555540964319e-01
8.717941287871395843e+02 1.857804499999999825e+04 4.931804449201193652e-01
8.801646861634199013e+02 1.862087099999999919e+04 4.979247829041280049e-01
8.885133139321417275e+02 1.866379699999999866e+04 5.026719019172563030e-01
8.968378727359523737e+02 1.870682099999999991e+04 5.074215806889557090e-01
9.052404250579144218e+02 1.874994499999999971e+04 5.121740400506916702e-01
9.136165115829846854e+02 1.879316800000000148e+04 5.169291696806637137e-01
9.220701010824398054e+02 1.883649100000000180e+04 5.216870796074969396e-01
9.303876563416567933e+02 1.887991300000000047e+04 5.264476601510564846e-01
9.387802403057509082e+02 1.892343600000000151e+04 5.312111305730902178e-01
9.472485297729369904e+02 1.896705900000000111e+04 5.359773812654898828e-01
9.555731534629609314e+02 1.901078299999999945e+04 5.407465214586198998e-01
9.640819233795200489e+02 1.905460699999999997e+04 5.455184421775182146e-01
9.724425195234351804e+02 1.909853299999999945e+04 5.502933611492426547e-01
9.808756194309697776e+02 1.914255900000000111e+04 5.550710610442588511e-01
9.892679516221863878e+02 1.918668700000000172e+04 5.598517591088504330e-01
9.977320882687407675e+02 1.923091700000000128e+04 5.646354551283147005e-01
1.006152799436385976e+03 1.927524899999999980e+04 5.694221490172605149e-01
1.014644580160079613e+03 1.931968300000000090e+04 5.742118408181322575e-01
1.023090235859403151e+03 1.936422000000000116e+04 5.790046382241100797e-01
1.031606191150905033e+03 1.940885900000000038e+04 5.838004336479130085e-01
1.040073281436471461e+03 1.945360099999999875e+04 5.885993346777457225e-01
1.048489148140096631e+03 1.949844599999999991e+04 5.934013413252441360e-01
1.056973112749549045e+03 1.954339500000000044e+04 5.982065605435024080e-01
1.065403060165169563e+03 1.958844700000000012e+04 6.030148854275853010e-01
1.073900241091815815e+03 1.963360299999999916e+04 6.078264228303329464e-01
1.082465191754067746e+03 1.967886300000000119e+04 6.126411727387456319e-01
1.090972842532426739e+03 1.972422699999999895e+04 6.174591352643853392e-01
1.099420776533617754e+03 1.976969599999999991e+04 6.222804165905815310e-01
1.107934127001750539e+03 1.981527000000000044e+04 6.271050165604956650e-01
1.116384864532047004e+03 1.986094900000000052e+04 6.319329351423156327e-01
1.124900059833853675e+03 1.990673300000000017e+04 6.367641724278267912e-01
1.133480204557075467e+03 1.995262299999999959e+04 6.415988338999902840e-01
1.141994309579275523e+03 1.999861899999999878e+04 6.464369193896578603e-01
