2015-03-25	12:11
Amplitude: 1,00 V
Freq  (Hz) 	 Gain (dB)  	 Phase (deg)
  1,000            -59,600              4,359
  1,012            -59,600              4,409
  1,023            -59,599              4,460
  1,035            -59,598              4,512
  1,047            -59,598              4,564
  1,059            -59,597              4,616
  1,072            -59,596              4,669
  1,084            -59,596              4,723
  1,096            -59,595              4,778
  1,109            -59,594              4,833
  1,122            -59,594              4,888
  1,135            -59,593              4,945
  1,148            -59,592              5,002
  1,161            -59,591              5,059
  1,175            -59,591              5,118
  1,189            -59,590              5,177
  1,202            -59,589              5,236
  1,216            -59,588              5,296
  1,230            -59,587              5,357
  1,245            -59,586              5,419
  1,259            -59,585              5,481
  1,274            -59,585              5,545
  1,288            -59,584              5,608
  1,303            -59,583              5,673
  1,318            -59,582              5,738
  1,334            -59,581              5,804
  1,349            -59,580              5,871
  1,365            -59,579              5,938
  1,380            -59,577              6,007
  1,396            -59,576              6,076
  1,413            -59,575              6,145
  1,429            -59,574              6,216
  1,445            -59,573              6,287
  1,462            -59,572              6,360
  1,479            -59,570              6,433
  1,496            -59,569              6,507
  1,514            -59,568              6,581
  1,531            -59,566              6,657
  1,549            -59,565              6,733
  1,567            -59,564              6,810
  1,585            -59,562              6,888
  1,603            -59,561              6,967
  1,622            -59,559              7,047
  1,641            -59,558              7,128
  1,660            -59,556              7,210
  1,679            -59,555              7,292
  1,698            -59,553              7,376
  1,718            -59,551              7,460
  1,738            -59,550              7,546
  1,758            -59,548              7,632
  1,778            -59,546              7,719
  1,799            -59,544              7,808
  1,820            -59,542              7,897
  1,841            -59,540              7,987
  1,862            -59,538              8,078
  1,884            -59,536              8,171
  1,905            -59,534              8,264
  1,928            -59,532              8,358
  1,950            -59,530              8,454
  1,972            -59,528              8,550
  1,995            -59,526              8,648
  2,018            -59,523              8,746
  2,042            -59,521              8,846
  2,065            -59,519              8,947
  2,089            -59,516              9,049
  2,113            -59,514              9,152
  2,138            -59,511              9,256
  2,163            -59,509              9,361
  2,188            -59,506              9,468
  2,213            -59,503              9,575
  2,239            -59,500              9,684
  2,265            -59,497              9,794
  2,291            -59,495              9,905
  2,317            -59,492             10,017
  2,344            -59,488             10,131
  2,371            -59,485             10,246
  2,399            -59,482             10,362
  2,427            -59,479             10,479
  2,455            -59,475             10,598
  2,483            -59,472             10,718
  2,512            -59,469             10,839
  2,541            -59,465             10,961
  2,570            -59,461             11,085
  2,600            -59,458             11,210
  2,630            -59,454             11,337
  2,661            -59,450             11,465
  2,692            -59,446             11,594
  2,723            -59,442             11,724
  2,754            -59,437             11,856
  2,786            -59,433             11,989
  2,818            -59,429             12,124
  2,851            -59,424             12,260
  2,884            -59,420             12,398
  2,917            -59,415             12,537
  2,951            -59,410             12,677
  2,985            -59,405             12,819
  3,020            -59,400             12,963
  3,055            -59,395             13,108
  3,090            -59,390             13,254
  3,126            -59,385             13,402
  3,162            -59,379             13,552
  3,199            -59,374             13,703
  3,236            -59,368             13,855
  3,273            -59,362             14,009
  3,311            -59,356             14,165
  3,350            -59,350             14,322
  3,388            -59,344             14,481
  3,428            -59,338             14,642
  3,467            -59,331             14,804
  3,508            -59,325             14,968
  3,548            -59,318             15,133
  3,589            -59,311             15,300
  3,631            -59,304             15,469
  3,673            -59,297             15,639
  3,715            -59,289             15,811
  3,758            -59,282             15,985
  3,802            -59,274             16,160
  3,846            -59,266             16,337
  3,890            -59,258             16,516
  3,936            -59,250             16,697
  3,981            -59,242             16,879
  4,027            -59,233             17,063
  4,074            -59,224             17,249
  4,121            -59,215             17,437
  4,169            -59,206             17,626
  4,217            -59,197             17,818
  4,266            -59,188             18,011
  4,315            -59,178             18,205
  4,365            -59,168             18,402
  4,416            -59,158             18,600
  4,467            -59,148             18,801
  4,519            -59,137             19,003
  4,571            -59,126             19,207
  4,624            -59,115             19,412
  4,677            -59,104             19,620
  4,732            -59,093             19,830
  4,786            -59,081             20,041
  4,842            -59,069             20,254
  4,898            -59,057             20,469
  4,955            -59,045             20,686
  5,012            -59,032             20,905
  5,070            -59,019             21,126
  5,129            -59,006             21,348
  5,188            -58,992             21,573
  5,248            -58,979             21,799
  5,309            -58,965             22,028
  5,370            -58,950             22,258
  5,433            -58,936             22,490
  5,495            -58,921             22,724
  5,559            -58,906             22,960
  5,623            -58,891             23,198
  5,689            -58,875             23,437
  5,754            -58,859             23,679
  5,821            -58,842             23,922
  5,888            -58,826             24,168
  5,957            -58,809             24,415
  6,026            -58,792             24,664
  6,095            -58,774             24,915
  6,166            -58,756             25,168
  6,237            -58,738             25,422
  6,310            -58,719             25,679
  6,383            -58,700             25,937
  6,457            -58,681             26,197
  6,531            -58,661             26,459
  6,607            -58,641             26,723
  6,683            -58,620             26,989
  6,761            -58,599             27,256
  6,839            -58,578             27,526
  6,918            -58,556             27,797
  6,998            -58,534             28,069
  7,079            -58,512             28,344
  7,161            -58,489             28,620
  7,244            -58,466             28,898
  7,328            -58,442             29,178
  7,413            -58,418             29,459
  7,499            -58,394             29,742
  7,586            -58,369             30,027
  7,674            -58,344             30,313
  7,762            -58,318             30,601
  7,852            -58,292             30,891
  7,943            -58,265             31,182
  8,035            -58,238             31,475
  8,128            -58,210             31,769
  8,222            -58,182             32,065
  8,318            -58,154             32,362
  8,414            -58,125             32,661
  8,511            -58,095             32,961
  8,610            -58,065             33,262
  8,710            -58,035             33,565
  8,810            -58,004             33,869
  8,913            -57,972             34,175
  9,016            -57,941             34,481
  9,120            -57,908             34,790
  9,226            -57,875             35,099
  9,333            -57,842             35,409
  9,441            -57,808             35,721
  9,550            -57,773             36,034
  9,661            -57,738             36,348
  9,772            -57,703             36,663
  9,886            -57,667             36,979
 10,000            -57,630             37,296
 10,116            -57,593             37,614
 10,233            -57,555             37,932
 10,351            -57,517             38,252
 10,471            -57,478             38,573
 10,593            -57,439             38,894
 10,715            -57,399             39,216
 10,839            -57,359             39,539
 10,965            -57,318             39,863
 11,092            -57,276             40,187
 11,220            -57,234             40,512
 11,350            -57,192             40,837
 11,482            -57,149             41,163
 11,614            -57,105             41,490
 11,749            -57,060             41,817
 11,885            -57,016             42,144
 12,023            -56,970             42,472
 12,162            -56,924             42,800
 12,303            -56,877             43,128
 12,445            -56,830             43,456
 12,589            -56,782             43,785
 12,735            -56,734             44,114
 12,882            -56,685             44,442
 13,032            -56,636             44,771
 13,183            -56,586             45,100
 13,335            -56,535             45,429
 13,490            -56,484             45,758
 13,646            -56,432             46,087
 13,804            -56,379             46,415
 13,964            -56,327             46,744
 14,125            -56,273             47,072
 14,289            -56,219             47,399
 14,454            -56,164             47,727
 14,622            -56,109             48,054
 14,791            -56,053             48,381
 14,962            -55,997             48,707
 15,136            -55,940             49,032
 15,311            -55,882             49,358
 15,488            -55,824             49,682
 15,668            -55,765             50,006
 15,849            -55,706             50,329
 16,032            -55,646             50,652
 16,218            -55,586             50,973
 16,406            -55,525             51,294
 16,596            -55,464             51,615
 16,788            -55,402             51,934
 16,982            -55,339             52,252
 17,179            -55,276             52,570
 17,378            -55,213             52,886
 17,579            -55,149             53,201
 17,783            -55,084             53,516
 17,989            -55,019             53,829
 18,197            -54,953             54,141
 18,408            -54,887             54,452
 18,621            -54,820             54,762
 18,836            -54,753             55,070
 19,055            -54,685             55,378
 19,275            -54,617             55,684
 19,498            -54,548             55,988
 19,724            -54,479             56,292
 19,953            -54,409             56,594
 20,184            -54,339             56,894
 20,417            -54,268             57,194
 20,654            -54,197             57,491
 20,893            -54,125             57,787
 21,135            -54,053             58,082
 21,380            -53,980             58,375
 21,627            -53,907             58,667
 21,878            -53,834             58,957
 22,131            -53,760             59,246
 22,387            -53,685             59,532
 22,646            -53,610             59,818
 22,909            -53,535             60,101
 23,174            -53,459             60,383
 23,442            -53,383             60,663
 23,714            -53,306             60,942
 23,988            -53,229             61,219
 24,266            -53,152             61,494
 24,547            -53,074             61,767
 24,831            -52,996             62,038
 25,119            -52,917             62,308
 25,410            -52,838             62,576
 25,704            -52,759             62,842
 26,002            -52,679             63,106
 26,303            -52,599             63,368
 26,607            -52,518             63,629
 26,915            -52,437             63,888
 27,227            -52,356             64,145
 27,542            -52,275             64,399
 27,861            -52,193             64,653
 28,184            -52,110             64,904
 28,510            -52,028             65,153
 28,840            -51,945             65,400
 29,174            -51,861             65,646
 29,512            -51,778             65,890
 29,854            -51,694             66,131
 30,200            -51,609             66,371
 30,549            -51,525             66,609
 30,903            -51,440             66,845
 31,261            -51,354             67,079
 31,623            -51,269             67,311
 31,989            -51,183             67,541
 32,359            -51,097             67,769
 32,734            -51,010             67,995
 33,113            -50,924             68,220
 33,497            -50,837             68,442
 33,884            -50,750             68,663
 34,277            -50,662             68,881
 34,674            -50,574             69,098
 35,075            -50,486             69,313
 35,481            -50,398             69,526
 35,892            -50,309             69,737
 36,308            -50,221             69,946
 36,728            -50,131             70,153
 37,154            -50,042             70,358
 37,584            -49,953             70,562
 38,019            -49,863             70,763
 38,459            -49,773             70,963
 38,905            -49,683             71,161
 39,355            -49,592             71,357
 39,811            -49,502             71,551
 40,272            -49,411             71,743
 40,738            -49,320             71,934
 41,210            -49,228             72,122
 41,687            -49,137             72,309
 42,170            -49,045             72,494
 42,658            -48,953             72,677
 43,152            -48,861             72,858
 43,652            -48,769             73,038
 44,157            -48,676             73,216
 44,668            -48,584             73,392
 45,186            -48,491             73,566
 45,709            -48,398             73,738
 46,238            -48,305             73,909
 46,774            -48,211             74,078
 47,315            -48,118             74,245
 47,863            -48,024             74,411
 48,417            -47,930             74,575
 48,978            -47,836             74,737
 49,545            -47,742             74,897
 50,119            -47,647             75,056
 50,699            -47,553             75,213
 51,286            -47,458             75,369
 51,880            -47,363             75,523
 52,481            -47,268             75,675
 53,088            -47,173             75,826
 53,703            -47,078             75,975
 54,325            -46,982             76,122
 54,954            -46,887             76,268
 55,590            -46,791             76,412
 56,234            -46,695             76,555
 56,885            -46,599             76,696
 57,544            -46,503             76,836
 58,210            -46,407             76,974
 58,884            -46,310             77,110
 59,566            -46,214             77,245
 60,256            -46,117             77,379
 60,954            -46,020             77,511
 61,660            -45,923             77,641
 62,373            -45,826             77,771
 63,096            -45,729             77,898
 63,826            -45,632             78,025
 64,565            -45,535             78,149
 65,313            -45,437             78,273
 66,069            -45,339             78,395
 66,834            -45,242             78,515
 67,608            -45,144             78,635
 68,391            -45,046             78,753
 69,183            -44,948             78,869
 69,984            -44,849             78,984
 70,795            -44,751             79,098
 71,614            -44,652             79,210
 72,444            -44,554             79,322
 73,282            -44,455             79,431
 74,131            -44,356             79,540
 74,989            -44,257             79,647
 75,858            -44,158             79,753
 76,736            -44,059             79,858
 77,625            -43,960             79,962
 78,524            -43,861             80,064
 79,433            -43,761             80,165
 80,353            -43,662             80,265
 81,283            -43,562             80,363
 82,224            -43,462             80,460
 83,176            -43,362             80,557
 84,140            -43,262             80,652
 85,114            -43,162             80,745
 86,099            -43,062             80,838
 87,096            -42,962             80,930
 88,105            -42,861             81,020
 89,125            -42,761             81,109
 90,157            -42,660             81,197
 91,201            -42,559             81,284
 92,257            -42,458             81,370
 93,325            -42,357             81,455
 94,406            -42,256             81,539
 95,499            -42,155             81,621
 96,605            -42,053             81,703
 97,724            -41,952             81,783
 98,855            -41,850             81,863
100,000            -41,749             81,941
101,158            -41,647             82,019
102,329            -41,545             82,095
103,514            -41,443             82,170
104,713            -41,341             82,244
105,925            -41,238             82,318
107,152            -41,136             82,390
108,393            -41,033             82,461
109,648            -40,930             82,532
110,917            -40,828             82,601
112,202            -40,725             82,670
113,501            -40,622             82,737
114,815            -40,518             82,803
116,145            -40,415             82,869
117,490            -40,311             82,934
118,850            -40,208             82,997
120,226            -40,104             83,060
121,619            -40,000             83,122
123,027            -39,896             83,183
124,451            -39,792             83,243
125,893            -39,687             83,302
127,350            -39,583             83,360
128,825            -39,478             83,418
130,317            -39,373             83,474
131,826            -39,268             83,530
133,352            -39,163             83,585
134,896            -39,058             83,639
136,458            -38,952             83,692
138,038            -38,846             83,744
139,637            -38,740             83,795
141,254            -38,634             83,846
142,889            -38,528             83,896
144,544            -38,422             83,945
146,218            -38,315             83,993
147,911            -38,208             84,040
149,624            -38,101             84,086
151,356            -37,994             84,132
153,109            -37,886             84,177
154,882            -37,779             84,221
156,675            -37,671             84,264
158,489            -37,563             84,306
160,325            -37,454             84,348
162,181            -37,346             84,389
164,059            -37,237             84,429
165,959            -37,128             84,468
167,880            -37,018             84,507
169,824            -36,909             84,544
171,791            -36,799             84,581
173,780            -36,689             84,617
175,792            -36,578             84,653
177,828            -36,468             84,687
179,887            -36,357             84,721
181,970            -36,245             84,754
184,077            -36,134             84,787
186,209            -36,022             84,818
188,365            -35,910             84,849
190,546            -35,797             84,879
192,752            -35,684             84,908
194,984            -35,571             84,937
197,242            -35,457             84,965
199,526            -35,344             84,992
201,837            -35,229             85,018
204,174            -35,115             85,043
206,538            -35,000             85,068
208,930            -34,884             85,092
211,349            -34,768             85,115
213,796            -34,652             85,138
216,272            -34,535             85,159
218,776            -34,418             85,180
221,309            -34,300             85,200
223,872            -34,182             85,219
226,464            -34,064             85,238
229,087            -33,945             85,256
231,739            -33,825             85,273
234,423            -33,705             85,289
237,137            -33,585             85,304
239,883            -33,464             85,319
242,661            -33,342             85,332
245,471            -33,220             85,345
248,313            -33,097             85,357
251,189            -32,973             85,369
254,097            -32,849             85,379
257,040            -32,724             85,388
260,016            -32,599             85,397
263,027            -32,473             85,405
266,073            -32,346             85,412
269,153            -32,219             85,418
272,270            -32,090             85,423
275,423            -31,961             85,427
278,612            -31,832             85,430
281,838            -31,701             85,433
285,102            -31,570             85,434
288,403            -31,437             85,434
291,743            -31,304             85,433
295,121            -31,170             85,432
298,538            -31,035             85,429
301,995            -30,899             85,425
305,492            -30,762             85,420
309,030            -30,624             85,414
312,608            -30,485             85,407
316,228            -30,344             85,399
319,890            -30,203             85,389
323,594            -30,061             85,379
327,341            -29,917             85,367
331,131            -29,772             85,353
334,965            -29,625             85,339
338,844            -29,478             85,323
342,768            -29,329             85,305
346,737            -29,178             85,286
350,752            -29,026             85,266
354,813            -28,873             85,244
358,922            -28,718             85,221
363,078            -28,561             85,196
367,282            -28,402             85,169
371,535            -28,242             85,140
375,837            -28,080             85,110
380,189            -27,916             85,077
384,592            -27,750             85,043
389,045            -27,582             85,006
393,550            -27,412             84,968
398,107            -27,239             84,927
402,717            -27,065             84,883
407,380            -26,888             84,837
412,098            -26,708             84,789
416,869            -26,526             84,738
421,697            -26,341             84,684
426,580            -26,153             84,627
431,519            -25,962             84,566
436,516            -25,768             84,503
441,570            -25,571             84,435
446,684            -25,370             84,364
451,856            -25,166             84,289
457,088            -24,959             84,210
462,381            -24,747             84,126
467,735            -24,531             84,038
473,151            -24,311             83,944
478,630            -24,086             83,845
484,172            -23,857             83,740
489,779            -23,623             83,628
495,450            -23,383             83,510
501,187            -23,138             83,384
506,991            -22,886             83,251
512,861            -22,629             83,109
518,800            -22,365             82,958
524,807            -22,094             82,796
530,884            -21,816             82,624
537,032            -21,529             82,439
543,250            -21,234             82,241
549,541            -20,930             82,029
555,904            -20,617             81,800
562,341            -20,292             81,554
568,853            -19,957             81,288
575,440            -19,610             81,000
582,103            -19,249             80,686
588,844            -18,875             80,345
595,662            -18,485             79,972
602,560            -18,079             79,563
609,537            -17,654             79,112
616,595            -17,209             78,613
623,735            -16,743             78,059
630,957            -16,251             77,441
638,263            -15,733             76,745
645,654            -15,185             75,959
653,131            -14,603             75,062
660,693            -13,983             74,033
668,344            -13,321             72,839
676,083            -12,609             71,441
683,912            -11,842             69,783
691,831            -11,012             67,790
699,842            -10,109             65,356
707,946             -9,124             62,331
716,143             -8,049             58,496
724,436             -6,882             53,529
732,825             -5,635             46,964
741,310             -4,360             38,172
749,894             -3,188             26,484
758,578             -2,363             11,713
767,361             -2,169             -4,948
776,247             -2,689            -20,979
785,236             -3,714            -34,343
794,328             -4,958            -44,597
803,526             -6,231            -52,254
812,831             -7,443            -57,999
822,243             -8,567            -62,387
831,764             -9,599            -65,809
841,395            -10,544            -68,536
851,138            -11,412            -70,749
860,994            -12,211            -72,575
870,964            -12,951            -74,106
881,049            -13,639            -75,405
891,251            -14,281            -76,520
901,571            -14,883            -77,487
912,011            -15,448            -78,333
922,571            -15,982            -79,079
933,254            -16,487            -79,741
944,061            -16,966            -80,333
954,993            -17,422            -80,864
966,051            -17,858            -81,345
977,237            -18,274            -81,781
988,553            -18,672            -82,178
1000,000            -19,055            -82,542
1011,579            -19,422            -82,875
1023,293            -19,776            -83,183
1035,142            -20,118            -83,467
1047,129            -20,448            -83,731
1059,254            -20,767            -83,976
1071,519            -21,076            -84,204
1083,927            -21,376            -84,418
1096,478            -21,667            -84,617
1109,175            -21,950            -84,804
1122,018            -22,225            -84,980
1135,011            -22,492            -85,146
1148,154            -22,753            -85,302
1161,449            -23,008            -85,449
1174,898            -23,256            -85,589
1188,502            -23,499            -85,721
1202,264            -23,736            -85,846
1216,186            -23,968            -85,965
1230,269            -24,195            -86,079
1244,515            -24,418            -86,187
1258,925            -24,636            -86,289
1273,503            -24,850            -86,388
1288,250            -25,060            -86,481
1303,167            -25,266            -86,571
1318,257            -25,469            -86,657
1333,521            -25,668            -86,739
1348,963            -25,863            -86,818
1364,583            -26,056            -86,894
1380,384            -26,245            -86,966
1396,368            -26,432            -87,036
1412,538            -26,616            -87,104
1428,894            -26,797            -87,168
1445,440            -26,975            -87,231
1462,177            -27,152            -87,291
1479,108            -27,325            -87,349
1496,236            -27,497            -87,405
1513,561            -27,666            -87,459
1531,087            -27,833            -87,511
1548,817            -27,998            -87,562
1566,751            -28,162            -87,611
1584,893            -28,323            -87,658
1603,245            -28,483            -87,704
1621,810            -28,640            -87,748
1640,590            -28,796            -87,791
1659,587            -28,951            -87,833
1678,804            -29,104            -87,874
1698,244            -29,255            -87,913
1717,908            -29,405            -87,951
1737,801            -29,554            -87,989
1757,924            -29,701            -88,025
1778,279            -29,847            -88,060
1798,871            -29,991            -88,094
1819,701            -30,135            -88,127
1840,772            -30,277            -88,160
1862,087            -30,418            -88,191
1883,649            -30,558            -88,222
1905,461            -30,697            -88,252
1927,525            -30,834            -88,281
1949,845            -30,971            -88,310
1972,423            -31,107            -88,337
1995,262            -31,242            -88,364
2018,366            -31,376            -88,391
2041,738            -31,509            -88,417
2065,380            -31,641            -88,442
2089,296            -31,772            -88,467
2113,489            -31,902            -88,491
2137,962            -32,032            -88,514
2162,719            -32,161            -88,537
2187,762            -32,289            -88,560
2213,095            -32,416            -88,582
2238,721            -32,543            -88,604
2264,644            -32,669            -88,625
2290,868            -32,795            -88,645
2317,395            -32,919            -88,666
2344,229            -33,043            -88,685
2371,374            -33,167            -88,705
2398,833            -33,290            -88,724
2426,610            -33,412            -88,742
2454,709            -33,534            -88,761
2483,133            -33,655            -88,779
2511,886            -33,775            -88,796
2540,973            -33,896            -88,813
2570,396            -34,015            -88,830
2600,160            -34,134            -88,847
2630,268            -34,253            -88,863
2660,725            -34,371            -88,879
2691,535            -34,489            -88,895
2722,701            -34,606            -88,910
2754,229            -34,723            -88,925
2786,121            -34,840            -88,940
2818,383            -34,956            -88,955
2851,018            -35,071            -88,969
2884,032            -35,187            -88,983
2917,427            -35,301            -88,997
2951,209            -35,416            -89,010
2985,383            -35,530            -89,024
3019,952            -35,644            -89,037
3054,921            -35,758            -89,050
3090,295            -35,871            -89,062
3126,079            -35,984            -89,075
3162,278            -36,096            -89,087
3198,895            -36,208            -89,099
3235,937            -36,320            -89,111
3273,407            -36,432            -89,123
3311,311            -36,543            -89,134
3349,654            -36,655            -89,145
3388,442            -36,765            -89,157
3427,678            -36,876            -89,168
3467,369            -36,986            -89,178
3507,519            -37,096            -89,189
3548,134            -37,206            -89,199
3589,219            -37,316            -89,210
3630,781            -37,425            -89,220
3672,823            -37,534            -89,230
3715,352            -37,643            -89,239
3758,374            -37,752            -89,249
3801,894            -37,861            -89,259
3845,918            -37,969            -89,268
3890,451            -38,077            -89,277
3935,501            -38,185            -89,286
3981,072            -38,293            -89,295
4027,170            -38,400            -89,304
4073,803            -38,508            -89,313
4120,975            -38,615            -89,321
4168,694            -38,722            -89,330
4216,965            -38,829            -89,338
4265,795            -38,935            -89,346
4315,191            -39,042            -89,355
4365,158            -39,148            -89,363
4415,704            -39,255            -89,370
4466,836            -39,361            -89,378
4518,559            -39,467            -89,386
4570,882            -39,572            -89,393
4623,810            -39,678            -89,401
4677,351            -39,784            -89,408
4731,513            -39,889            -89,415
4786,301            -39,994            -89,423
4841,724            -40,100            -89,430
4897,788            -40,205            -89,437
4954,502            -40,310            -89,443
5011,872            -40,414            -89,450
5069,907            -40,519            -89,457
5128,614            -40,624            -89,463
5188,000            -40,728            -89,470
5248,075            -40,833            -89,476
5308,844            -40,937            -89,483
5370,318            -41,041            -89,489
5432,503            -41,145            -89,495
5495,409            -41,249            -89,501
5559,043            -41,353            -89,507
5623,413            -41,457            -89,513
5688,529            -41,561            -89,519
5754,399            -41,664            -89,525
5821,032            -41,768            -89,530
5888,437            -41,871            -89,536
5956,621            -41,975            -89,541
6025,596            -42,078            -89,547
6095,369            -42,181            -89,552
6165,950            -42,284            -89,558
6237,348            -42,387            -89,563
6309,573            -42,490            -89,568
6382,635            -42,593            -89,573
6456,542            -42,696            -89,578
6531,306            -42,799            -89,583
6606,934            -42,902            -89,588
6683,439            -43,004            -89,593
6760,830            -43,107            -89,598
6839,116            -43,210            -89,603
6918,310            -43,312            -89,607
6998,420            -43,415            -89,612
7079,458            -43,517            -89,617
7161,434            -43,619            -89,621
7244,360            -43,721            -89,626
7328,245            -43,824            -89,630
7413,102            -43,926            -89,634
7498,942            -44,028            -89,639
7585,776            -44,130            -89,643
7673,615            -44,232            -89,647
7762,471            -44,334            -89,651
7852,356            -44,436            -89,655
7943,282            -44,538            -89,659
8035,261            -44,640            -89,663
8128,305            -44,742            -89,667
8222,426            -44,843            -89,671
8317,638            -44,945            -89,675
8413,951            -45,047            -89,679
8511,380            -45,148            -89,683
8609,938            -45,250            -89,686
8709,636            -45,352            -89,690
8810,489            -45,453            -89,694
8912,509            -45,555            -89,697
9015,711            -45,656            -89,701
9120,108            -45,757            -89,704
9225,714            -45,859            -89,708
9332,543            -45,960            -89,711
9440,609            -46,062            -89,714
9549,926            -46,163            -89,718
9660,509            -46,264            -89,721
9772,372            -46,365            -89,724
9885,531            -46,467            -89,727
10000,000            -46,568            -89,731
10115,795            -46,669            -89,734
10232,930            -46,770            -89,737
10351,422            -46,871            -89,740
10471,285            -46,972            -89,743
10592,537            -47,073            -89,746
10715,193            -47,174            -89,749
10839,269            -47,275            -89,752
10964,782            -47,376            -89,755
11091,748            -47,477            -89,757
11220,185            -47,578            -89,760
11350,108            -47,679            -89,763
11481,536            -47,780            -89,766
11614,486            -47,881            -89,768
11748,976            -47,982            -89,771
11885,022            -48,083            -89,774
12022,644            -48,184            -89,776
12161,860            -48,284            -89,779
12302,688            -48,385            -89,782
12445,146            -48,486            -89,784
12589,254            -48,587            -89,787
12735,031            -48,687            -89,789
12882,496            -48,788            -89,791
13031,668            -48,889            -89,794
13182,567            -48,989            -89,796
13335,214            -49,090            -89,799
13489,629            -49,191            -89,801
13645,831            -49,291            -89,803
13803,843            -49,392            -89,806
13963,684            -49,493            -89,808
14125,375            -49,593            -89,810
14288,940            -49,694            -89,812
14454,398            -49,794            -89,814
14621,772            -49,895            -89,816
14791,084            -49,995            -89,819
14962,357            -50,096            -89,821
15135,612            -50,197            -89,823
15310,875            -50,297            -89,825
15488,166            -50,398            -89,827
15667,511            -50,498            -89,829
15848,932            -50,598            -89,831
16032,454            -50,699            -89,833
16218,101            -50,799            -89,835
16405,898            -50,900            -89,837
16595,869            -51,000            -89,838
16788,040            -51,101            -89,840
16982,437            -51,201            -89,842
17179,084            -51,301            -89,844
17378,008            -51,402            -89,846
17579,236            -51,502            -89,848
17782,794            -51,603            -89,849
17988,709            -51,703            -89,851
18197,009            -51,803            -89,853
18407,720            -51,904            -89,854
18620,871            -52,004            -89,856
18836,491            -52,104            -89,858
19054,607            -52,205            -89,859
19275,249            -52,305            -89,861
19498,446            -52,405            -89,863
19724,227            -52,506            -89,864
19952,623            -52,606            -89,866
20183,664            -52,706            -89,867
20417,379            -52,807            -89,869
20653,802            -52,907            -89,870
20892,961            -53,007            -89,872
21134,890            -53,107            -89,873
21379,621            -53,208            -89,875
21627,185            -53,308            -89,876
21877,616            -53,408            -89,878
22130,947            -53,508            -89,879
22387,211            -53,609            -89,880
22646,443            -53,709            -89,882
22908,677            -53,809            -89,883
23173,946            -53,909            -89,884
23442,288            -54,009            -89,886
23713,737            -54,110            -89,887
23988,329            -54,210            -89,888
24266,101            -54,310            -89,890
24547,089            -54,410            -89,891
24831,331            -54,510            -89,892
25118,864            -54,611            -89,893
25409,727            -54,711            -89,895
25703,958            -54,811            -89,896
26001,596            -54,911            -89,897
26302,680            -55,011            -89,898
26607,251            -55,112            -89,899
26915,348            -55,212            -89,901
27227,013            -55,312            -89,902
27542,287            -55,412            -89,903
27861,212            -55,512            -89,904
28183,829            -55,612            -89,905
28510,183            -55,712            -89,906
28840,315            -55,813            -89,907
29174,270            -55,913            -89,908
29512,092            -56,013            -89,909
29853,826            -56,113            -89,910
30199,517            -56,213            -89,911
30549,211            -56,313            -89,912
30902,954            -56,413            -89,913
31260,794            -56,513            -89,914
31622,777            -56,614            -89,915
31988,951            -56,714            -89,916
32359,366            -56,814            -89,917
32734,069            -56,914            -89,918
33113,112            -57,014            -89,919
33496,544            -57,114            -89,920
33884,416            -57,214            -89,921
34276,779            -57,314            -89,922
34673,685            -57,414            -89,923
35075,187            -57,515            -89,924
35481,339            -57,615            -89,925
35892,193            -57,715            -89,925
36307,805            -57,815            -89,926
36728,230            -57,915            -89,927
37153,523            -58,015            -89,928
37583,740            -58,115            -89,929
38018,940            -58,215            -89,930
38459,178            -58,315            -89,930
38904,514            -58,415            -89,931
39355,008            -58,515            -89,932
39810,717            -58,615            -89,933
40271,703            -58,716            -89,934
40738,028            -58,816            -89,934
41209,752            -58,916            -89,935
41686,938            -59,016            -89,936
42169,650            -59,116            -89,937
42657,952            -59,216            -89,937
43151,908            -59,316            -89,938
43651,583            -59,416            -89,939
44157,045            -59,516            -89,939
44668,359            -59,616            -89,940
45185,594            -59,716            -89,941
45708,819            -59,816            -89,941
46238,102            -59,916            -89,942
46773,514            -60,016            -89,943
47315,126            -60,116            -89,943
47863,009            -60,216            -89,944
48417,237            -60,317            -89,945
48977,882            -60,417            -89,945
49545,019            -60,517            -89,946
50118,723            -60,617            -89,947
50699,071            -60,717            -89,947
51286,138            -60,817            -89,948
51880,004            -60,917            -89,948
52480,746            -61,017            -89,949
53088,444            -61,117            -89,950
53703,180            -61,217            -89,950
54325,033            -61,317            -89,951
54954,087            -61,417            -89,951
55590,426            -61,517            -89,952
56234,133            -61,617            -89,952
56885,293            -61,717            -89,953
57543,994            -61,817            -89,954
58210,322            -61,917            -89,954
58884,366            -62,017            -89,955
59566,214            -62,117            -89,955
60255,959            -62,217            -89,956
60953,690            -62,317            -89,956
61659,500            -62,417            -89,957
62373,484            -62,517            -89,957
63095,734            -62,617            -89,958
63826,349            -62,717            -89,958
64565,423            -62,817            -89,959
65313,055            -62,917            -89,959
66069,345            -63,018            -89,960
66834,392            -63,118            -89,960
67608,298            -63,218            -89,960
68391,165            -63,318            -89,961
69183,097            -63,418            -89,961
69984,200            -63,518            -89,962
70794,578            -63,618            -89,962
71614,341            -63,718            -89,963
72443,596            -63,818            -89,963
73282,453            -63,918            -89,964
74131,024            -64,018            -89,964
74989,421            -64,118            -89,964
75857,758            -64,218            -89,965
76736,149            -64,318            -89,965
77624,712            -64,418            -89,966
78523,563            -64,518            -89,966
79432,823            -64,618            -89,966
80352,612            -64,718            -89,967
81283,052            -64,818            -89,967
82224,265            -64,918            -89,967
83176,377            -65,018            -89,968
84139,514            -65,118            -89,968
85113,804            -65,218            -89,969
86099,375            -65,318            -89,969
87096,359            -65,418            -89,969
88104,887            -65,518            -89,970
89125,094            -65,618            -89,970
90157,114            -65,718            -89,970
91201,084            -65,818            -89,971
92257,143            -65,918            -89,971
93325,430            -66,018            -89,971
94406,088            -66,118            -89,972
95499,259            -66,218            -89,972
96605,088            -66,318            -89,972
97723,722            -66,418            -89,973
98855,309            -66,518            -89,973
100000,000            -66,618            -89,973
101157,945            -66,718            -89,974
102329,299            -66,818            -89,974
103514,217            -66,918            -89,974
104712,855            -67,018            -89,974
105925,373            -67,118            -89,975
107151,931            -67,218            -89,975
108392,691            -67,318            -89,975
109647,820            -67,418            -89,976
110917,482            -67,518            -89,976
112201,845            -67,618            -89,976
113501,082            -67,718            -89,976
114815,362            -67,818            -89,977
116144,861            -67,918            -89,977
117489,755            -68,018            -89,977
118850,223            -68,118            -89,977
120226,443            -68,218            -89,978
121618,600            -68,318            -89,978
123026,877            -68,418            -89,978
124451,461            -68,518            -89,979
125892,541            -68,618            -89,979
127350,308            -68,718            -89,979
128824,955            -68,818            -89,979
130316,678            -68,918            -89,979
131825,674            -69,018            -89,980
133352,143            -69,118            -89,980
134896,288            -69,218            -89,980
136458,314            -69,318            -89,980
138038,426            -69,418            -89,981
139636,836            -69,518            -89,981
141253,754            -69,618            -89,981
142889,396            -69,718            -89,981
144543,977            -69,818            -89,981
146217,717            -69,918            -89,982
147910,839            -70,018            -89,982
149623,566            -70,118            -89,982
151356,125            -70,218            -89,982
153108,746            -70,318            -89,983
154881,662            -70,418            -89,983
156675,107            -70,518            -89,983
158489,319            -70,618            -89,983
160324,539            -70,718            -89,983
162181,010            -70,818            -89,984
164058,977            -70,918            -89,984
165958,691            -71,019            -89,984
167880,402            -71,119            -89,984
169824,365            -71,219            -89,984
171790,839            -71,319            -89,984
173780,083            -71,419            -89,985
175792,361            -71,519            -89,985
177827,941            -71,619            -89,985
179887,092            -71,719            -89,985
181970,086            -71,819            -89,985
184077,200            -71,919            -89,985
186208,714            -72,019            -89,986
188364,909            -72,119            -89,986
190546,072            -72,219            -89,986
192752,491            -72,319            -89,986
194984,460            -72,419            -89,986
197242,274            -72,519            -89,986
199526,231            -72,619            -89,987
